Technology_XLK,Healthcare_XLV,Financials_XLF,Energy_XLE,Materials_XLB,ConsumerDiscretionary_XLY,Industrials_XLI,Utilities_XLU,ConsumerStaples_XLP
4.185041202475759e-12,5.513305090243392e-12,0.2999999999891771,9.593249805650572e-12,0.29999999998197363,0.2999999999853453,0.10000000000465738,1.1388900239550637e-11,8.166089332517501e-12
0.0,0.0,0.2999999999999855,3.649858193455202e-15,0.29999999999997934,0.299999999999978,0.09999999999998471,4.5255466041282943e-14,4.2577052994374753e-14
7.022160630754115e-15,2.5146551507759796e-14,0.3,2.7755575615628914e-17,0.3,0.3,0.10000000000001767,0.0,0.0
0.0,0.0,0.2999999999999431,0.0,0.29999999999991367,0.29999999999991145,0.09999999999994166,1.9849399901517017e-13,1.718347686363586e-13
0.0,0.0,0.29999999999995786,1.9567680809018384e-15,0.2999999999999535,0.2999999999999575,0.09999999999996664,9.713063686689338e-14,9.356404540028507e-14
0.2999999999999708,0.0999999999999649,0.2999999999999655,1.7569279364693102e-14,0.0,0.2999999999999584,0.0,8.162914788556463e-14,5.762057497804562e-14
0.3,0.10000000000002501,0.3,0.0,0.0,0.3,4.0245584642661925e-15,0.0,0.0
0.29999999999996196,0.09999999999997378,0.2999999999999633,2.4674706722294104e-14,2.220446049250313e-16,0.2999999999999504,0.0,8.651412919391532e-14,5.2735593669694936e-14
0.3,0.10000000000004441,0.3,0.0,0.0,0.3,6.897260540483785e-15,0.0,0.0
0.3,0.10000000000002088,0.3,0.0,4.3021142204224816e-16,0.3,3.066991105526995e-15,0.0,0.0
0.3,0.10000000000001513,0.3,0.0,0.0,0.3,1.9845236565174673e-15,0.0,0.0
0.2999999998462608,0.29999999880998507,4.878276788296812e-10,7.276119120892611e-11,7.221901746533167e-11,0.29999999989700277,0.10000000079983783,7.231237794685314e-11,7.385938873152034e-11
0.29999999999934857,0.2999999999998851,5.4123806131345376e-14,1.6753389828381916e-13,4.614426575964988e-14,0.29999999999980526,0.09999999999997584,3.4481941795641634e-13,3.726544181574434e-13
0.3,7.41073868937292e-15,0.3,0.0,8.049116928532385e-16,0.3,0.09999999999999828,0.0,0.0
0.3,1.3128387266192476e-14,0.3,0.0,9.742207041085749e-15,0.3,0.10000000000000897,0.0,0.0
0.29999999998481114,0.10000000000570172,0.29999999999004734,7.168131579307786e-12,7.005386905774528e-12,0.29999999999033267,9.811040868612508e-13,7.0468397291555435e-12,6.905797841050508e-12
0.3,0.2999999999999874,0.0,3.219646771412954e-15,0.0,0.3,0.10000000000000268,0.0,0.0
0.3,0.2999999999941179,0.0,0.0,0.0,0.3,0.10000000021659672,0.0,0.0
0.3,0.3,0.0,0.0,0.0,0.3,0.09999999943293497,0.0,0.0
0.2999999999326968,0.2999999999964119,2.7799121216508157e-11,3.4913524746336494e-11,2.71693751479556e-11,0.2999999999559562,0.09999999995845332,3.39768273906669e-11,3.2622859077508325e-11
0.3,0.3,0.0,0.0,0.0,0.3,0.10000000003127693,0.0,0.0
0.3,0.3,0.0,0.0,0.0,0.3,0.0999999986450959,0.0,0.0
0.2999999999981903,0.2999999999997513,7.729530521286697e-13,1.097454134754564e-12,6.283266715337317e-13,0.2999999999987875,0.09999999999876971,1.0542137744859452e-12,9.481955195255299e-13
0.3,0.3,0.0,0.0,0.0,0.3,0.09999999999998417,0.0,0.0
0.29999999999967875,5.430378369197797e-14,2.463307335887066e-14,6.451783551852941e-14,0.1000000000000167,0.2999999999998701,0.2999999999999929,1.0987044607446705e-13,1.8800239143246245e-13
0.29999999969427127,0.10000000009438009,1.233055473778942e-10,1.728276125240078e-10,8.809758478278695e-12,0.2999999997768884,0.29999999980123876,1.7550142720114928e-10,1.527771064187831e-10
0.3,0.0,0.0,0.0,0.09999999999998421,0.3,0.3,0.0,0.0
0.299999999943641,2.0536321833911992e-11,2.2229193720437442e-11,3.509110743365549e-11,0.3,0.29999999995929644,0.0999999999096928,3.5118704009507425e-11,2.823967980747642e-11
0.2999999999619725,1.3805174232525462e-11,1.5222578944803274e-11,2.365398599269368e-11,0.3,0.2999999999717167,0.09999999991782237,2.4210471777325862e-11,1.916903725884481e-11
0.29999999999995747,1.3405943022348765e-14,6.38378239159465e-15,2.3037127760972e-15,0.2999999999999988,0.29999999999997284,0.09999999999999819,1.3905543383430086e-14,3.652633751016765e-14
0.3,0.0,0.0,0.0,0.3,0.3,0.1000000000000007,0.0,0.0
0.3,0.0,0.0,0.0,0.3,0.3,0.10000000000000431,0.0,0.0
0.3,0.0,2.67841304690819e-15,0.0,0.3,0.3,0.09999999999999981,0.0,0.0
0.3,0.0,0.0,0.0,0.3,0.3,0.09999999999999551,0.0,0.0
0.3,0.0,0.09999999998166233,0.0,0.3,0.3,0.0,0.0,0.0
0.2999999999784094,1.061687604997762e-11,0.10000000000674499,1.2656665453423107e-11,3.409092452777429e-12,0.2999999999847461,8.853520549036117e-12,0.2999999999850355,9.527911631497579e-12
0.2999999999713158,1.535887326441366e-11,0.10000000000781453,1.6030346432579586e-11,5.4296567242317906e-12,0.29999999998052024,1.2174013624092057e-11,0.299999999978889,1.2467533819319029e-11
0.29999999998914695,5.776945001787504e-12,0.10000000000309704,6.2969107826525125e-12,1.872640931210867e-12,0.29999999999240345,4.7931520114333316e-12,0.29999999999207183,4.541194857108685e-12
0.2999999999773292,1.1641488171874548e-11,0.10000000000698323,1.2874067781371856e-11,3.7073538683429774e-12,0.29999999998430926,9.54776293344561e-12,0.29999999998412413,9.483568650512166e-12
0.2999999999980727,9.250807461116299e-13,0.10000000000068783,8.954781360870356e-13,6.435268984361642e-13,0.2999999999985894,7.862953764526556e-13,0.29999999999851895,8.806719675221996e-13
0.29999999998557686,6.932429732939357e-12,0.10000000000449016,9.07883385098421e-12,2.17849349670729e-12,0.29999999998956833,5.786213736221477e-12,0.2999999999899479,6.4408389789722324e-12
0.2999999999882989,5.520793906794404e-12,0.10000000000390434,7.274612845943953e-12,1.9625967517811205e-12,0.29999999999151994,4.622341058389693e-12,0.2999999999918005,5.095882941622368e-12
0.2999999999904075,4.612861575706314e-12,0.10000000000309446,6.064074656937258e-12,1.6551066073233756e-12,0.29999999999277455,3.954310743528863e-12,0.2999999999932377,4.199463793507866e-12
0.29999999994608884,2.6318615288543133e-11,0.10000000002023571,3.584641680545136e-11,0.29999999995603754,0.2999999999559296,1.850519743655813e-11,1.2765552503957167e-11,2.8272521007984352e-11
0.3,0.0,0.10000000000000162,0.0,0.3,0.3,6.938893903907228e-17,9.020562075079397e-16,0.0
0.3,0.0,0.1000000000000053,0.0,0.3,0.3,1.2490009027033011e-15,0.0,0.0
0.3,0.0,0.10000000000000939,0.0,0.3,0.3,0.0,0.0,0.0
0.29999999999998517,2.3869795029440866e-14,0.0,5.662137425588298e-15,0.2999999999999922,0.29999999999998733,0.09999999999999301,0.0,1.3683498778505054e-14
0.3,0.0,0.0,0.0,0.29999999999999977,0.29999999999999877,0.10000000000000328,8.326672684688674e-16,2.248201624865942e-15
0.2999999999999894,1.73749903353837e-14,0.0,4.496403249731884e-15,0.2999999999999938,0.29999999999999194,0.09999999999999429,0.0,1.1185496973098452e-14
0.2999999999999867,2.3828161666017422e-14,0.0,4.288236432614667e-15,0.29999999999999183,0.2999999999999897,0.09999999999999751,0.0,8.756884106730922e-15
0.3,0.0,7.216449660063518e-16,1.8041124150158794e-15,0.3,0.3,0.09999999999999663,3.0531133177191805e-16,0.0
0.3,0.0,9.71445146547012e-17,0.0,0.3,0.3,0.10000000000000034,0.0,0.0
0.29999999998855503,7.942735672621271e-12,6.362464239543426e-12,2.1729978927353955e-12,0.29999999998438986,0.2999999999880237,0.10000000000449179,1.0560146291562804e-11,7.501369265910871e-12
0.2999999999994006,4.894067066438963e-13,2.0784407476456935e-13,9.225953334635051e-14,0.2999999999991999,0.2999999999994149,0.10000000000046867,4.3897089760006067e-13,2.8735035677731177e-13
0.2999999999791003,1.559422426410015e-11,1.1141933691359476e-11,2.537581256234489e-12,0.29999999997107046,0.29999999997923466,0.10000000000901668,1.8691198439719784e-11,1.361311400342309e-11
0.2999999999921606,6.266494584550568e-12,4.2025660405256135e-12,1.963221252232472e-12,0.2999999999893599,0.2999999999915081,0.1000000000029372,6.692531800646324e-12,4.9094123754401255e-12
0.3,9.159339953157541e-16,8.881784197001252e-16,0.0,0.3,0.3,0.0999999999999962,0.0,4.996003610813204e-16
0.29999999999999594,3.927413949611491e-15,0.0,4.85722573273506e-16,0.2999999999999956,0.29999999999999793,0.09999999999999987,3.982925100842749e-15,3.066991105526995e-15
0.3,0.0,0.0,0.0,0.3,0.3,0.0999999999962646,0.0,0.0
0.3,0.0,0.0,0.0,0.3,0.3,0.09999999999737147,0.0,0.0
0.29999999999999954,0.0,4.718447854656915e-16,0.0,0.29999999999999916,0.29999999999999993,0.09999999999999994,8.881784197001252e-16,1.0824674490095276e-15
0.29999999999929,5.508839495648457e-13,2.7146480830444955e-13,4.24091317619002e-13,0.29999999999912974,0.29999999999929156,0.1000000000001056,5.582471085230781e-13,3.7838032325499554e-13
0.2999999999999895,8.534839501805891e-15,0.0,1.096345236817342e-15,0.2999999999999918,0.29999999999999577,0.09999999999999942,6.369904603786836e-15,8.118505867571457e-15
0.3,0.0,0.0,0.0,0.3,0.3,0.10000000000000166,0.0,0.0
0.3,0.0,0.0,1.887379141862766e-15,0.3,0.3,0.10000000000000021,0.0,0.0
0.3,0.0,0.0,0.0,0.3,0.3,0.10000000000002521,0.0,0.0
0.3,0.0,0.0,2.7755575615628914e-16,0.3,0.3,0.10000000000000024,0.0,0.0
0.3,0.0,0.0,0.0,0.3,0.3,0.09999999999886153,0.0,0.0
0.3,0.0,0.0,0.0,0.3,0.3,0.0999999999987123,0.0,0.0
0.29999999998934884,7.252771125676829e-12,5.227759974709267e-12,2.7245566913691732e-12,0.29999999998839894,0.29999999998988974,0.10000000000327702,8.733501695793945e-12,5.146707668432757e-12
0.3,0.0,0.0,0.0,0.3,0.3,0.0999999999978331,0.0,0.0
0.29999999998645255,3.6237102786898595e-12,0.0,1.2949003148559167e-11,0.2999999999938904,0.29999999999473914,0.10000000003684878,4.439856675670062e-12,2.723279565281914e-12
0.09999999999999891,0.0,0.3,0.0,0.2999999999999998,0.3,0.0,3.3306690738754696e-16,9.853229343548264e-16
0.299999999995956,2.8100965566487606e-12,1.996127063826158e-12,7.568667914625848e-13,0.29999999999538796,0.2999999999963852,0.10000000000117296,3.5265731145250962e-12,2.0082465799557377e-12
0.3,0.0,0.3,0.0,0.1000000000000008,0.29999999999999993,1.6653345369377348e-16,0.0,0.0
0.3,0.0,0.3,0.0,0.0,0.3,0.09999999999302824,0.0,0.0
0.3,0.0,0.3,0.0,0.0,0.3,0.1000000000434688,0.0,0.0
0.3,0.0,0.3,0.0,0.0,0.3,0.0999999999979019,0.0,0.0
0.29999999998873933,8.3800744734957e-12,0.29999999998462057,1.1288312245875922e-11,5.668659985857971e-13,0.2999999999866486,0.10000000000465618,8.443899749685002e-12,6.65613218542167e-12
0.299999999999991,8.021361352916756e-15,0.2999999999999901,1.021405182655144e-14,0.0,0.29999999999999294,0.09999999999999439,6.966649479522857e-15,8.93729534823251e-15
0.3,0.0,0.3,0.0,9.71445146547012e-17,0.3,0.09999999999999898,0.0,0.0
0.10000000000000232,0.0,0.3,0.0,0.0,0.3,0.3,0.0,0.0
0.0,0.0,0.3,0.0,0.3,0.3,0.0999999999948315,0.0,0.0
1.5035056533108104e-12,8.055545813734355e-12,0.2999999999820136,1.181853573339886e-11,0.2999999999878758,0.29999999998604315,0.10000000000546783,1.0176515879978254e-11,7.045534294869427e-12
6.158848431248032e-11,1.6733385510558918e-11,0.2999999999643862,2.253708678012778e-11,0.29999999992101367,0.2999999999724373,0.10000000000421011,2.265459694839045e-11,1.443912350795884e-11
7.049916206369744e-15,0.0,0.3,0.0,0.1000000000000086,0.3,0.3,0.0,0.0
2.7727820040013285e-14,1.160460616489445e-13,0.299999999999689,7.43016759230386e-14,0.09999999999996903,0.2999999999998454,0.2999999999999336,1.7685852782278744e-13,1.6797674362578618e-13
7.716050021144838e-15,1.1814160760792447e-13,0.2999999999996858,8.70692407062279e-14,0.29999999999992655,0.2999999999998466,0.09999999999993812,2.0650148258027912e-13,1.8339496588026805e-13
1.1610860281430837e-11,1.6417684461035972e-11,0.2999999999656521,2.1051954432785738e-11,0.1000000000324261,0.2999999999760193,0.29999999994632914,1.9601543139568396e-11,1.0891264563216663e-11
0.0,0.0,0.3,0.0,0.3,0.3,0.10000000000006107,0.0,0.0
6.028060861858787e-12,8.4169386092002e-12,0.2999999999831991,1.021004349662225e-11,0.2999999999887891,0.2999999999876496,0.09999999999875374,1.1599834126640644e-11,5.353466184880165e-12
3.029521078445896e-14,3.773648060700907e-13,0.2999999999992242,1.6110723866091803e-13,0.2999999999997728,0.2999999999996755,0.09999999999980766,5.105776912373017e-13,4.4039771829318397e-13
2.1191381982532675e-14,9.087175456556906e-14,0.2999999999997549,3.914923940584458e-14,0.2999999999999321,0.2999999999998988,0.09999999999994882,1.663530424522719e-13,1.4768741785076145e-13
6.6058269965196814e-15,4.814204590530835e-14,0.299999999999904,1.7957857423311907e-14,0.29999999999995824,0.29999999999995736,0.09999999999994473,8.54316617449058e-14,7.742417817979685e-14
0.0,0.0,0.3,0.0,0.3,0.3,0.10000000000003881,0.0,0.0
2.0969337377607644e-14,8.060219158778636e-14,0.29999999999976723,5.1306181525490047e-14,0.2999999999999241,0.29999999999990057,0.09999999999992612,1.8494927811474327e-13,1.440791930207297e-13
2.933764342571976e-14,6.714073741420634e-14,0.2999999999997711,4.030109579389318e-14,0.29999999999993643,0.29999999999991156,0.09999999999994376,1.6395218516152e-13,1.3639089857520048e-13
1.0241807402167069e-14,5.1264548162066603e-14,0.29999999999988713,1.2434497875801753e-14,0.29999999999996585,0.29999999999995475,0.09999999999998206,6.858402734621905e-14,6.766809335090329e-14
0.0,0.0,0.3,0.0,0.3,0.3,0.10000000000026153,0.0,0.0
0.0,1.9761969838327786e-14,0.3,0.0,0.3,0.3,0.10000000000001405,0.0,0.0
0.0,0.0,0.3,0.0,0.10000000001942091,0.3,0.3,0.0,0.0
0.0,0.0,0.3,0.0,0.1000000000011331,0.3,0.3,0.0,0.0
2.161540291662706e-12,2.7249469213495024e-12,0.299999999994103,3.375256423293472e-12,0.09999999999972498,0.29999999999584687,0.2999999999970959,3.2511174268526686e-12,1.7163583268033341e-12
4.0476036302505906e-11,4.554263517565642e-11,0.29999999990090975,5.315761176114734e-11,0.10000000009562558,0.2999999999276461,0.29999999984166426,6.188451435427833e-11,3.3093643201491047e-11
0.0,0.0,0.3,0.0,0.09999999975901669,0.3,0.3,0.0,0.0
5.995204332975845e-15,1.3325451853063441e-13,0.2999999999997049,5.066780328633058e-14,0.09999999999993217,0.29999999999986837,0.2999999999999093,2.1140034167643762e-13,1.8385293287792592e-13
3.1848294287659247e-11,4.3396895576275586e-11,0.29999999991134946,4.8656928023070565e-11,0.10000000000628409,0.2999999999403254,0.29999999994750975,4.70433550427615e-11,2.3585961447584903e-11
1.942890293094024e-15,0.0,0.3,0.0,0.10000000000004484,0.3,0.3,0.0,0.0
2.2801205368239152e-14,2.5913993173531935e-13,0.29999999999951016,7.330247520087596e-14,0.09999999999983468,0.29999999999976157,0.299999999999838,3.674838211509268e-13,3.328309849948141e-13
0.0,0.0,0.3,0.0,0.1000000000002373,0.3,0.3,0.0,0.0
0.0,0.0,0.3,0.0,0.10000000000022155,0.3,0.3,0.0,0.0
3.9980852549356314e-11,4.9559313708473854e-11,0.29999999989614873,4.912412467214967e-11,0.09999999998504867,0.29999999993208976,0.29999999995542787,6.222118204349224e-11,3.0399380485387926e-11
1.0904981849532742e-10,1.2144866475538902e-10,0.29999999974023334,1.2856046999506007e-10,0.09999999991361869,0.29999999982587106,0.29999999993036286,1.5027913819474585e-10,8.057601248631284e-11
0.0,0.0,0.3,0.0,0.09999999999668656,0.3,0.3,0.0,0.0
1.4157190140114712e-12,2.5313911295527597e-12,0.29999999999552224,1.6469374739903497e-12,0.09999999999937731,0.2999999999974036,0.29999999999825094,2.5171608151738115e-12,1.3346571472101802e-12
0.0,0.0,0.3,0.0,0.10000000002167014,0.3,0.3,0.0,0.0
3.43867464333816e-11,4.279643657601017e-11,0.29999999991730336,3.057449947334176e-11,0.2999999999551425,0.2999999999462391,0.0999999999930924,5.0285343685143195e-11,3.0179618041542e-11
0.0,0.0,0.3,2.288447209508604e-14,0.3,0.3,0.10000000000012951,0.0,0.0
0.0,0.0,0.3,0.0,0.3,0.3,0.10000000000588048,0.0,0.0
0.0,0.0,0.3,1.0547118733938987e-15,0.3,0.09999999999999312,0.3,0.0,0.0
0.0,0.0,0.3,8.450184996178223e-14,0.3,0.10000000000008323,0.3,0.0,0.0
0.0,0.0,0.3,0.10000000000012249,0.3,9.262035582935368e-14,0.3,0.0,0.0
3.930189507173054e-14,3.7664316110408436e-14,0.2999999999998784,0.09999999999996229,0.29999999999988824,0.0,0.2999999999999385,1.6554813075941865e-13,1.3533618670180658e-13
1.9914625504213745e-14,9.499345754448996e-14,0.29999999999990823,0.09999999999994277,0.2999999999999056,0.0,0.299999999999939,1.251776460264864e-13,1.0651202142497596e-13
0.0,0.0,0.3,0.3,0.3,3.207156762385921e-14,0.10000000000006057,0.0,0.0
1.0019762797242038e-14,6.142308883738679e-14,0.2999999999999382,0.299999999999937,0.2999999999999129,0.0,0.09999999999993982,1.395827897709978e-13,1.0402789740737717e-13
5.717648576819556e-15,1.6160683902199935e-13,0.29999999999982163,0.29999999999984706,0.2999999999997866,0.0,0.09999999999988278,3.2324143361961433e-13,2.663841369709985e-13
0.0,0.0,0.3,0.3,0.3,1.6764367671839864e-14,0.1000000000000175,0.0,0.0
9.71445146547012e-15,0.0,0.3,0.3,0.3,6.716849298982197e-15,0.10000000000001967,0.0,0.0
0.0,0.0,0.3,0.3,0.3,1.6153745008296028e-14,0.10000000000001756,0.0,0.0
7.494005416219807e-15,8.744394097703889e-14,0.2999999999999011,0.2999999999999021,0.2999999999998865,0.0,0.09999999999992852,1.8424151093654473e-13,1.558059237183329e-13
0.0,0.0,0.3,0.3,0.3,5.689893001203927e-14,0.10000000000006319,0.0,0.0
7.049916206369744e-15,0.0,0.2999999999999938,0.2999999999999975,0.2999999999999921,0.0,0.10000000000000346,8.271161533457416e-15,1.0921819004749977e-14
1.890154699424329e-14,1.0361156377314273e-13,0.29999999999989024,0.29999999999989213,0.2999999999999,0.0,0.09999999999992205,1.83547621546154e-13,1.38222766565832e-13
1.9789725413943415e-14,7.452372052796363e-14,0.2999999999999091,0.2999999999999119,0.29999999999991445,0.0,0.09999999999994004,1.438016372645734e-13,1.2423395645555502e-13
1.9192980538207394e-14,1.3988810110276972e-14,0.2999999999999515,0.2999999999999454,0.29999999999995963,0.0,0.0999999999999723,8.680556273787943e-14,7.080447339546936e-14
0.0,0.0,0.3,0.3,0.3,3.352873534367973e-14,0.10000000000003738,0.0,0.0
0.0,0.0,0.3,0.3,0.3,7.480127628411992e-15,0.10000000000001977,0.0,0.0
4.538036613155327e-15,1.2101430968414206e-14,0.2999999999999754,0.2999999999999773,0.2999999999999764,0.0,0.0999999999999984,3.251565683370927e-14,2.983724378680108e-14
2.4077961846558082e-14,3.11972669919669e-14,0.29999999999990123,0.299999999999912,0.29999999999993554,0.0,0.09999999999996287,1.546401895424765e-13,1.0577649867116179e-13
2.6006974351844292e-14,2.500777362968165e-14,0.29999999999992044,0.299999999999933,0.29999999999994753,0.0,0.09999999999996913,1.2226331058684536e-13,8.137934770502397e-14
6.433742427702782e-14,4.503342143635791e-14,0.2999999999998296,0.2999999999998648,0.2999999999998892,0.0,0.09999999999994451,2.3842039453825237e-13,1.7623402737143579e-13
0.0,0.0,0.3,0.3,0.3,2.3953061756287752e-14,0.1000000000000298,0.0,0.0
0.0,0.0,0.3,0.3,0.3,2.3550605909861133e-14,0.10000000000003118,0.0,0.0
0.0,1.1102230246251565e-15,0.3,0.3,0.3,1.264266469291897e-14,0.10000000000001227,0.0,0.0
0.0,0.0,0.3,0.3,0.3,6.682154829462661e-15,0.0999999999980339,0.0,0.0
3.0441242071010016e-12,3.35973334239423e-12,0.2999999999939871,0.29999999999387783,0.29999999999375965,1.5919904283734354e-13,0.10000000000130797,5.636403540587463e-12,4.868087374534414e-12
8.861000135360312e-13,1.0589790491209504e-12,0.2999999999980462,0.299999999998089,0.2999999999980853,4.474698389600462e-12,0.0999999999960338,1.7952642516992626e-12,1.5306399372510332e-12
0.0,0.0,0.3,0.3,0.3,0.0,0.09999999999962508,0.0,0.0
1.0824674490095276e-14,1.4557799410397365e-14,0.29999999999996013,0.29999999999997623,0.29999999999997395,0.09999999999999154,0.0,5.184741524999481e-14,3.2737701438634303e-14
0.0,0.0,0.3,0.3,0.3,0.10000000000000589,4.898859096158503e-15,0.0,0.0
0.0,0.0,0.3,0.3,0.3,0.10000000000005001,3.524958103184872e-14,0.0,0.0
0.0,0.0,0.3,0.3,0.3,0.1000000000000128,4.912736883966318e-15,0.0,0.0
0.0,0.0,0.3,0.3,0.3,0.0999999999295294,0.0,0.0,0.0
1.1606072345677023e-11,8.859757056453362e-11,0.2999999999740365,0.0,0.10000000016756695,0.2999999999771259,0.29999999997651466,2.0988665958046358e-11,1.5644033247106688e-11
1.7620939419508685e-12,3.6204372833026355e-13,0.2999999999962111,1.7009868171433018e-12,0.10000000000153214,0.29999999999655635,0.29999999999649984,3.064229828246342e-12,2.3111931509926714e-12
2.498001805406602e-16,0.0,0.3,1.3877787807814457e-15,0.09999999999999937,0.3,0.3,0.0,0.0
3.982925100842749e-15,5.384581669432009e-15,0.29999999999997484,0.1000000000000003,2.525757381022231e-15,0.29999999999998955,0.2999999999999991,1.6389667401028873e-14,7.827072323607354e-15
9.17036983928608e-13,8.309637700154582e-13,0.2999999999977213,1.0339598916248691e-12,0.1000000000001855,0.2999999999980116,0.29999999999803334,1.970052960396162e-12,1.2963526653419863e-12
2.9976021664879227e-15,0.0,0.29999999999999105,0.0,0.10000000000000214,0.29999999999999466,0.29999999999999827,1.214306433183765e-14,4.579669976578771e-15
1.9637101975857417e-12,2.6868810520849662e-12,0.2999999999949536,1.565764878863618e-12,0.10000000000025658,0.29999999999557786,0.29999999999562393,4.448548292595885e-12,2.9232223341479643e-12
0.0,0.0,0.3,0.0,0.09999999999875499,0.3,0.3,0.0,0.0
7.077671781985373e-16,0.0,0.2999999999999996,3.885780586188048e-16,0.10000000000000113,0.2999999999999974,0.29999999999999927,3.58046925441613e-15,5.689893001203927e-16
1.2246588016572065e-12,2.1500856650646938e-13,0.2999999999973211,1.3200569765036867e-12,0.10000000000103615,0.29999999999746924,0.2999999999975514,2.343720398491613e-12,1.5188363086836174e-12
1.429412144204889e-15,0.09999999999999842,0.29999999999999727,8.881784197001252e-16,1.0547118733938987e-15,0.29999999999999827,0.3,4.3021142204224816e-16,1.1934897514720433e-15
0.0,0.10000000000000282,0.3,0.0,0.0,0.2999999999999989,0.3,0.0,0.0
0.0,0.0,0.3,0.0,0.10000000000338093,0.3,0.3,0.0,0.0
1.1919691201435444e-12,2.3119006709038104e-13,0.2999999999973016,1.2159693915872856e-12,0.10000000000094045,0.2999999999976303,0.29999999999765264,2.3579275635274327e-12,1.477997002184599e-12
0.0,0.10000000000014879,0.3,0.0,0.0,0.3,0.3,0.0,0.0
0.1000000000000001,0.0,0.29999999999999793,2.609024107869118e-15,6.522560269672795e-16,0.29999999999999605,0.29999999999999893,4.8433479449272454e-15,1.1657341758564144e-15
0.0,0.0,0.3,0.0,0.3,0.3,0.09999999987770011,0.0,0.0
7.2687643066930556e-09,0.0,0.3,0.0,0.2999999026126615,0.3,0.10000009082913706,0.0,0.0
1.1824539755416205e-12,1.2406837426724374e-12,0.2999999999989141,1.0936445764449038e-12,0.29999999999807847,0.2999999999977486,0.09999999999826167,2.006356561120118e-12,1.473873826321893e-12
9.43689570931383e-16,9.853229343548264e-16,0.10000000000000306,0.0,0.3,0.3,0.3,0.0,0.0
0.0,0.0,0.2999999999755278,0.0,0.3,0.3,0.10000000002745746,0.0,0.0
0.0,0.0,0.3,0.0,0.3,0.3,0.0999999998940015,0.0,0.0
0.0,3.405081057222423e-11,0.2999999998353387,3.249890890734642e-11,0.299999999929384,0.2999999999362097,0.10000000025914643,5.6244715516657733e-11,4.1875033010830363e-11
0.09999999999255182,1.2702658369612152e-11,0.3,1.2182001067617687e-11,0.2999999999734897,0.29999999997627047,0.0,2.2236289198840353e-11,1.558262720247061e-11
0.09999999999765072,6.852535899826151e-12,0.29999999999351556,6.977005778674439e-12,0.29999999998495325,0.29999999998686133,1.6130985436291212e-12,1.2876120308868977e-11,8.700311304732367e-12
8.327314790561896e-12,8.461294369086611e-12,0.2999999999831881,5.6027166334494196e-12,0.29999999998409616,0.2999999999870551,0.0999999999986,1.4320481177360657e-11,1.0348735656146518e-11
0.0,2.3314683517128287e-15,0.29999999999999993,1.249000902703301e-16,0.3,0.3,0.10000000000000095,0.0,0.0
3.5756065426986395e-12,3.3001965299021805e-12,0.299999999992942,2.3694753844111697e-12,0.2999999999929788,0.09999999999715817,0.29999999999662297,6.41125657565661e-12,4.641508446092717e-12
0.0,0.0,0.3,0.0,0.3,0.10000000000695336,0.3,0.0,0.0
1.6788384017202396e-13,1.9971749458762306e-13,0.29999999999965504,1.1002777301414592e-13,0.2999999999997941,0.09999999999989054,0.29999999999969534,2.8259483800536623e-13,2.0479770420250673e-13
0.0,0.0,0.3,0.0,0.3,0.10000000000745335,0.3,0.0,0.0
3.287939985770059e-11,3.169606435531654e-11,0.2999999999366461,2.0741501254956424e-11,0.299999999964086,0.0999999999776469,0.299999999946768,5.041106912299563e-11,3.912492506360637e-11
1.289516070755229e-12,1.4345334900964815e-12,0.2999999999974419,7.873896572352587e-13,0.2999999999979012,0.09999999999970259,0.29999999999780663,2.039473866948367e-12,1.5967007669982975e-12
0.0,0.0,0.3,0.09999999994337531,0.3,4.999249625381452e-11,0.3,0.0,0.0
1.6228700090596993e-11,1.4836994097384158e-11,0.2999999999706888,0.09999999996979717,0.29999999997218335,3.9816705488249227e-11,0.29999999997459387,2.3452135070540245e-11,1.8402458851692998e-11
0.0,0.0,0.3,0.09999999999939996,0.3,0.0,0.3,0.0,0.0
0.0,0.0,0.3,0.3,0.3,0.0,0.09999999970044315,0.0,0.0
2.6939594065605372e-11,2.4225882474017677e-11,0.29999999995282217,0.29999999968514324,0.29999999995416726,9.127748928979498e-11,0.1000000001968692,3.7777386198490674e-11,3.077774992754946e-11
2.587703796005048e-10,2.3816733310349606e-10,0.29999999954980217,0.2999999958923628,0.29999999955596485,1.0578349041332498e-09,0.10000000279276335,3.618685442554139e-10,2.9246567645963365e-10
1.3902017334023176e-11,1.2917863040779959e-11,0.2999999999757635,0.2999999997967546,0.29999999997662263,6.032938404964735e-11,0.10000000012885138,1.92403675054418e-11,1.5618194548910823e-11
1.8669217526999802e-12,2.2307969499881367e-12,0.2999999999960936,0.29999999999835264,0.2999999999970412,1.5692966161497384e-12,0.09999999999676945,3.434734466688084e-12,2.6414459570522567e-12
0.0,0.0,0.3,0.3,0.3,0.0,0.10000000000878811,0.0,0.0
3.762567623869602e-15,9.088609346489885e-14,0.2999999999999378,0.29999999999991656,0.2999999999999815,0.0,0.09999999999998999,5.646445463071459e-14,3.029063097892878e-14
0.0,0.0,0.3,0.3,0.3,0.0,0.10000000000044913,0.0,0.0
1.949253171527269e-12,1.918662812149571e-12,0.29999999999598326,0.2999999999955043,0.29999999999765964,3.1941116418465754e-13,0.09999999999961089,4.112786862630503e-12,2.9418497553877592e-12
0.0,0.0,0.3,0.3,0.3,0.0,0.1000000000028764,0.0,0.0
4.908751467665762e-12,4.668278453234037e-12,0.2999999999898917,0.2999999999893361,0.29999999999460747,3.1872848913745052e-12,0.09999999999641795,1.004134988036867e-11,6.941046351474024e-12
0.0,0.0,0.3,0.3,0.3,0.0,0.09999999999936714,0.0,0.0
7.502418531939513e-13,5.370719936510976e-13,0.2999999999986569,0.2999999999986087,0.10000000000035354,9.506284648352903e-14,0.2999999999989669,1.153940790830172e-12,8.777004321061459e-13
0.0,0.0,0.3,0.3,0.09999999999936417,0.0,0.3,0.0,0.0
6.190980827629862e-12,1.100841640067074e-12,0.29999999998884735,0.29999999998833615,0.10000000000310114,4.6843089434609705e-12,0.2999999999910164,9.482104178671436e-12,7.2406720345743054e-12
0.0,0.0,0.3,0.3,0.10000000011112835,9.379099580320016e-11,0.3,0.0,0.0
2.4841240175987878e-15,0.0,0.2999999999999905,0.29999999999999705,3.1363800445660672e-15,0.100000000000001,0.29999999999999416,1.2906342661267445e-14,4.454769886308441e-15
7.510026000804747e-12,2.747024829830025e-12,0.2999999999865322,0.2999999999857828,3.783122402130658e-12,0.10000000000421434,0.29999999998958976,1.1361341988801513e-11,8.479506495189666e-12
0.0,0.0,0.3,0.29999999999999866,2.456368441983159e-15,0.09999999999999755,0.299999999999999,2.9004576518332215e-15,0.0
3.537319482160665e-12,4.04117693668138e-12,0.29999999999204596,0.2999999999957892,2.389892754758754e-12,0.09999999999761262,0.29999999999392435,6.0043933539885905e-12,4.65511722146405e-12
0.2999999999999999,4.246603069191224e-15,0.3,1.2212453270876722e-15,0.0,0.09999999999999928,0.3,0.0,0.0
5.333233854543096e-14,3.609924859038216e-13,0.2999999999994218,0.2999999999995137,1.6687345949506494e-13,0.10000000000016687,0.29999999999958044,4.2255435261928653e-13,3.133639181474024e-13
2.885747196756938e-13,6.777113592537631e-13,0.29999999999867194,0.2999999999989359,3.2820621220785995e-13,0.10000000000034376,0.29999999999905247,9.505486675553954e-13,7.508958732582727e-13
2.4405338860944426e-12,6.250146233899301e-12,0.2999999999870501,0.29999999998936094,3.435876583246511e-12,0.10000000000387502,0.2999999999906534,9.415461466044661e-12,7.518513589488407e-12
2.9956037650435974e-12,0.0,0.3,0.3,0.0,0.09999999998929705,0.3,0.0,0.0
0.3,0.0,0.3,0.0,0.0,0.10000000000010051,0.3,0.0,0.0
0.3,0.0,0.3,0.0,0.0,0.1000000000003664,0.3,0.0,0.0
0.3,0.0,0.3,0.0,0.0,0.1000000000000397,0.3,0.0,0.0
0.3,0.0,0.09999999999977097,0.3,0.0,0.3,0.0,0.0,0.0
0.0,0.0,0.3,0.3,0.0,0.10000000000002852,0.3,0.0,0.0
0.09999999999999429,4.4700354528970365e-14,0.29999999999997207,0.29999999999991045,9.159339953157541e-15,0.29999999999998167,0.0,3.1377678233468487e-14,5.800915303666443e-14
0.10000000000001594,0.0,0.3,0.3,0.0,0.3,2.8449465006019636e-15,0.0,0.0
0.09999999999998038,5.986877660291157e-14,0.2999999999999766,0.29999999999989807,7.674416657721395e-15,0.2999999999999753,0.0,3.7664316110408436e-14,6.696032617270475e-14
0.09999999999995446,9.113543253391754e-14,0.2999999999999455,0.2999999999998143,1.5959455978986625e-14,0.2999999999999462,0.0,8.891498648466722e-14,1.519617764955683e-13
0.09999999999998971,5.775935285612377e-14,0.2999999999999752,0.29999999999991195,0.0,0.2999999999999723,0.0,3.9995784462121264e-14,6.041001032741633e-14
0.09999999999931446,2.6309787681810803e-12,0.2999999999961294,0.2999999999937085,1.7578664218698137e-12,0.29999999999569876,2.778577715134567e-12,4.223619717858007e-12,3.757658247061091e-12
0.09999999999998309,1.2587153541687712e-14,0.2999999999999955,0.29999999999998933,1.915134717478395e-15,0.29999999999999905,0.0,4.593547764386585e-15,1.4349632593280148e-14
0.10000000000001195,0.0,0.3,0.3,0.0,0.3,7.93809462606987e-15,0.0,0.0
0.09999999999999958,1.582067810090848e-14,0.29999999999998495,0.2999999999999571,4.593547764386585e-15,0.2999999999999932,0.0,2.2926105458509483e-14,2.5576762929802044e-14
0.09999999999993194,1.9341472867751008e-13,0.2999999999998846,0.2999999999995973,1.4432899320127035e-14,0.29999999999991167,0.0,2.0940194023211234e-13,2.786659791809143e-13
0.2999999998486851,2.7747741604411402e-11,0.29999999995678733,0.2999999999408585,1.8849409880172807e-11,0.10000000011979106,2.29364808396193e-11,3.940119758238936e-11,2.494304936206948e-11
0.10000000000064736,0.0,0.3,0.3,0.0,0.3,0.0,0.0,0.0
3.0625307845255634e-11,5.1488575555924676e-11,0.2999999999192845,0.2999999998934595,3.4213991015330514e-11,0.09999999997800045,0.2999999999879758,6.022017259854628e-11,4.473179465724897e-11
3.5781671025248285e-12,3.2400198482469887e-12,0.29999999999453336,0.29999999999316695,0.09999999999706208,6.6882402394163876e-12,0.29999999999601973,3.0832457173282926e-12,2.628188318951342e-12
1.4146300591840464e-11,1.338163117158226e-11,0.29999999997889565,0.29999999997448296,0.09999999990100762,1.1255357930395338e-10,0.2999999999842053,1.1482940469911572e-11,9.844053977050002e-12
0.0,0.0,0.3,0.3,0.10000000030931758,0.0,0.3,0.0,0.0
2.8895931047792575e-11,2.7661821833012397e-11,0.29999999995648247,0.2999999999463045,0.10000000001473773,1.1729853199859974e-11,0.29999999996780513,2.505074616936773e-11,2.1331850899181878e-11
0.0,0.0,0.3,0.3,0.09999999988171089,5.871084868269705e-11,0.3,0.0,0.0
0.0,0.0,0.3,0.3,0.0,0.10000000026740541,0.2999999999978181,0.0,0.0
6.961662538872771e-12,5.92307947035688e-12,0.29999999998976085,0.29999999998737376,4.9505961949320976e-12,0.10000000148250046,0.3,6.825315272296229e-12,5.758924347861601e-12
0.0,0.0,0.3,0.3,0.0,0.1000000000184321,0.3,0.0,0.0
0.0,0.0,0.3,0.3,0.09999999991173561,0.0,0.3,0.0,0.0
0.0,0.0,0.3,0.3,0.10000001031412226,0.0,0.3,0.0,0.0
3.5744304149194587e-10,3.274507821687191e-10,0.2999999994696392,0.29999999930775645,0.09999999977745762,1.0858001719959987e-09,0.2999999990231163,3.452854015888717e-10,3.060511210154028e-10
2.699356885723901e-10,2.4961850594539607e-10,0.2999999995958552,0.29999999947701855,0.09999999978367079,5.0740674856220025e-09,0.29999999505668096,2.667698108690253e-10,2.2638311811986188e-10
2.261767253746432e-09,2.0738631858114114e-09,0.29999999661328647,0.29999999558682866,0.09999997600690405,6.775567921040309e-08,0.2999999555411824,2.220391110436081e-09,1.9400976874414015e-09
1.7798045706402542e-10,1.6592387155930096e-10,0.2999999997338242,0.29999999965606244,0.29999999994964843,0.0,0.10000000013329133,1.7359706495934018e-10,1.5562862150569514e-10
1.5706494444628083e-11,1.4799481384766572e-11,0.2999999999757154,0.2999999999691652,0.10000000002829018,1.0492268165407381e-10,0.2999999998616148,1.6010888067758268e-11,1.3774814851239595e-11
0.0,0.0,0.3,0.3,0.10000003806025062,0.0,0.3,0.0,0.0
0.0,0.0,0.3,0.3,0.10000000000005356,0.0,0.3,0.0,0.0
0.0,0.0,0.3,0.3,0.09999999986737025,0.0,0.3,0.0,0.0
3.535624544588397e-10,3.3092942823210044e-10,0.29999999945717215,0.2999999992926619,0.10000000077319263,1.934652965607242e-09,0.2999999971831516,3.5991049589620846e-10,3.1476629040184306e-10
1.2817853663093966e-13,3.705198715589721e-13,0.29999999999974314,0.29999999999908616,0.09999999999998185,4.540848200222831e-14,0.299999999999944,3.2186822965596733e-13,3.787622382811618e-13
0.0,1.5482060078397808e-13,0.29999999999993343,0.29999999999977545,0.0999999999999466,0.2999999999999352,0.0,1.10397802011164e-13,1.7610912728116546e-13
0.0,2.240430063693566e-13,0.29999999999988186,0.2999999999996306,0.099999999999957,0.29999999999990234,0.0,1.7252865802674933e-13,2.6931235019844735e-13
0.29999999999505494,3.2832092286674366e-12,0.10000000000040518,0.2999999999948595,8.982328769668868e-13,0.2999999999946161,2.3466859778829325e-12,5.333579023935451e-12,3.202598076166394e-12
3.091684217665369e-10,7.007277267115364e-11,0.29999999988806453,0.29999999985104003,0.09999999976696519,0.2999999999127928,5.331529705568383e-11,8.203552680913218e-11,6.6545423685338e-11
0.0,8.339162693715707e-14,0.29999999999994326,0.2999999999998852,0.0999999999999649,0.2999999999999273,0.0,1.2068124277675452e-13,1.1533829447074595e-13
0.0,1.6930901125533637e-14,0.2999999999999896,0.2999999999999866,0.09999999999999303,0.29999999999998833,0.0,2.1371793224034263e-14,1.1574075031717257e-14
0.0,9.381384558082573e-14,0.2999999999999452,0.2999999999998876,0.09999999999995621,0.29999999999992133,0.0,1.142280714461208e-13,1.1776690733711348e-13
6.353037734937051e-11,5.344844428001313e-11,0.2999999999146188,0.2999999998877913,0.299999999769033,1.6473504504954661e-10,0.10000000004438543,5.290913794310695e-11,4.9548495907677645e-11
0.0,7.355227538141662e-14,0.2999999999999552,0.2999999999999162,0.09999999999996527,0.29999999999994903,0.0,7.710498906021712e-14,8.507083926190262e-14
0.0,2.3328561304936102e-14,0.29999999999998445,0.2999999999999681,0.09999999999999676,0.2999999999999827,0.0,2.7755575615628914e-14,2.4188984149020598e-14
