Technology_XLK,Healthcare_XLV,Financials_XLF,Energy_XLE,Materials_XLB,ConsumerDiscretionary_XLY,Industrials_XLI,Utilities_XLU,ConsumerStaples_XLP
0.012731567861161822,2.061377642906988e-17,0.1561042289904114,0.1717365382142117,0.20512484397903522,0.07069382868036028,0.13233908439763048,0.25109413658710644,0.00017577129008263388
0.013220738461058933,2.0743150941990497e-17,0.1522213181560353,0.17630918145146782,0.21472941574259802,0.06316198986820701,0.12137270621868952,0.24974852088733154,0.00923612921461185
0.013930434288347402,4.389894430526196e-18,0.15007690119176748,0.20197434421667798,0.2278894354364644,0.08708960859423558,0.09835341797565404,0.2177350805733564,0.0029507777234967546
0.012650756605028398,2.4963163584797822e-17,0.15724174272458166,0.20612369231801225,0.21576819920833856,0.07914538996309535,0.10122857561272322,0.22754809067353146,0.0002935528946891452
0.021508092161415825,3.6823083157363456e-17,0.1643335755196875,0.1716741350447031,0.221122986123066,0.09334471863523809,0.10562806192268537,0.2036002277893562,0.018788202803847905
0.013458787933119996,0.0003282177537736833,0.24279850934273284,0.10853654994538942,0.059306508752666076,0.13071627743250852,0.09324916925728272,0.3,0.05160597958252673
0.016037488703724352,1.3281828962807653e-19,0.25795679692848344,0.10670989268499845,0.05696749957674453,0.13202072080013316,0.09160999104810895,0.29184592837756584,0.04685168188024131
0.022533528110457904,0.002848788594914458,0.2756464945553591,0.10271384420297852,0.05327969278363478,0.13454390311440462,0.0988328322458775,0.27090029803101456,0.03870061836135838
0.05440949088202045,0.009069754148105225,0.29999999999999866,0.00040741661935692904,0.06488547884169919,0.14760960249438962,0.18338856484738889,0.14086262913416228,0.09936706303287886
0.05807364887141413,0.02158380570888239,0.2999999999999999,3.6990124898200984e-18,0.07569865204643204,0.1313296933726525,0.19708184892446026,0.12147099480991146,0.09476135626624722
0.05737212599304493,0.016767708802723047,0.2999999999999999,9.161455957966325e-17,0.0741477334686643,0.13156361665321467,0.1991853740383252,0.11421952123277092,0.10674391981125693
0.05861566444729379,0.012907724192129717,0.3,5.470726235670663e-17,0.06760012689421477,0.13442851189868002,0.2001801317801375,0.12627399632103176,0.09999384446651229
0.05609690726130615,0.012441812383084744,0.2999999999999997,0.0045832867870985155,0.06530578458704742,0.1441364573423224,0.18674356523253777,0.12297630350342209,0.10771588290318088
0.05812466083410991,0.01312914811599805,0.3,6.637112896678334e-17,0.07772786101713657,0.13945807558685722,0.20031107880900692,0.10581069423917937,0.10543848139771161
0.05785814639702988,0.015412651453066471,0.29999999999999977,0.004173612542851651,0.07417977593594458,0.13599242665214256,0.1942688970496026,0.11587152393699825,0.1022429660323641
0.052300646550718394,0.020347922880710197,0.29999999999999977,5.174342092214402e-05,0.08480655700070276,0.15082985509538524,0.15996879606958656,0.09553458556500562,0.1361598934169692
0.04512211253431937,0.04884095432710233,0.1982247984562517,0.028996763266750023,0.1239070406446075,0.1017682329459221,0.1582644821831114,0.11799582396445862,0.17687979167747692
0.045874741587839496,0.04862022574121778,0.21113386306893503,0.006658612049599363,0.11288243251450378,0.1121563894376977,0.15789194333553766,0.12300218337569338,0.18177960888897585
0.04119503428919393,0.026929611038858606,0.20675772794049518,0.03256588653862647,0.10227029446125861,0.09303567993187617,0.14853844060229762,0.1651569565848541,0.18355036861253932
0.04158855619713655,0.01862556889962164,0.21720790702826379,0.028632025001795534,0.10918942961260765,0.09352052353062326,0.1450065360696192,0.16496103607237989,0.18126841758795245
0.03952413752170106,0.02741105853974435,0.21714506620561355,0.028445675009212298,0.10694560058471474,0.09289505430595768,0.14273761598123533,0.16210203425924005,0.18279375759258087
0.03907248841775186,0.03656150434832746,0.21340577472632696,0.02201328721773708,0.10651306137984526,0.09466809157468187,0.14225503915882054,0.15640861220285818,0.18910214097365502
0.039545745859622276,0.04686721479757581,0.22822099892830816,0.02307972758060982,0.1305927248676454,0.09551222054472563,0.12924672926404168,0.1327853812518024,0.17414925690566885
0.03787132813180669,0.04117772394345483,0.21341823565279128,0.030662579909015195,0.13967099895592422,0.0943441837259808,0.13637234557781275,0.13796244104441244,0.16852016305880183
0.04134715739528114,0.05803837338370221,0.23356018186749583,0.019763278964056632,0.1399914529801608,0.09885705774752938,0.12911141388973174,0.12398965180550463,0.15534143196653763
0.04305778526637421,0.049718942586655816,0.2166167387084012,0.05369559371921131,0.14636408599424813,0.09712169319314047,0.11072187709415948,0.1279208750279312,0.15478240840987828
0.033350267912709834,0.04305041525969048,0.21144410969629351,0.0505788037698499,0.14109435414510918,0.09925821559218995,0.1224155485642183,0.11279218974914154,0.1860160953107972
0.062156760563001665,0.038185664752769334,0.2499532553759279,0.03615825538449494,0.12347272766101283,0.11625802172869051,0.1153925219274561,0.10138215074044529,0.15704064186620142
0.07237226211026757,0.027524745200160388,0.23374567900159557,0.028196119741710768,0.1110225284929394,0.10319692116607494,0.12159104623710876,0.10253488052240825,0.1998158175277344
0.0580262685564259,0.05443722246655707,0.2320421789543497,0.02887139568121501,0.09984973888779868,0.09467441724222833,0.07506459678764879,0.10813817140766961,0.24889601001610698
0.059014039636281636,0.052267970424835594,0.24399667351607038,0.023609539497038493,0.09555543552849062,0.09796724234243974,0.06931392003455313,0.1124558978078391,0.24581928121245133
0.05821538192261405,0.04964582941389141,0.24070098751857924,0.03652479584961519,0.09242542833305636,0.09551417122391115,0.06613135716181315,0.10488519491842163,0.2559568536580979
0.06059116527058924,0.042973774959629535,0.2505907778993522,0.034858572777503226,0.0969876749053917,0.09256925802940276,0.06091945746179979,0.10866242402435164,0.25184689467198
0.09209897306876376,0.06615895225184713,0.3,0.024623478720631555,0.05902936593172559,0.09793865816625624,0.030589405339692746,0.08331892843985488,0.2462422380812281
0.0778524054214883,0.14299118325200202,0.22449913510207753,0.027412049088722888,0.09411521264973698,0.09448439571287265,0.14252793432079644,0.041835973020208,0.1542817114320952
0.08035793439271331,0.13304430358723082,0.22870839312992125,0.010487269859119708,0.0981683680782988,0.09756390204707104,0.1450362550085855,0.04414351455558417,0.16249005934147537
0.08045854329421262,0.0917351753126728,0.23396851282433226,0.011981917419438373,0.09965276504876144,0.10391807019701188,0.17024884620623976,0.048524758615786874,0.15951141108154399
0.08395873040955745,0.09595896232616324,0.2386527305907739,0.006298823926400408,0.10175364238761715,0.09987824867227033,0.17274843792957825,0.04789884182013984,0.15285158193749934
0.07659733772176894,0.1009745877111104,0.226061297574951,0.011895652800139345,0.10857326661463194,0.0953137638571891,0.19167511919829447,0.04290607114993233,0.14600290337198243
0.08431921322623512,0.07711155329829712,0.23831026049221174,0.02164231433344372,0.09974425347932778,0.09500028239353064,0.19452373669944453,0.04359892348418884,0.14574946259332053
0.07615926012234735,0.08610464833757274,0.19911993668366848,0.021981801205724624,0.1095432327823898,0.10353733161052382,0.20227460246209253,0.044577072398799544,0.15670211439688111
0.12996245620763933,0.07406396938613061,0.18998683183261322,0.020565044715283063,0.09276956164852629,0.07434962758055373,0.24383989181694957,0.04291310100908536,0.13154951580321883
0.10233518759516691,0.07834996320190052,0.184188437332186,0.024280872029893458,0.10869233888717494,0.07096753143057184,0.24240304585877775,0.03520631407504698,0.15357630958928153
0.19653249796291503,0.24754579435917054,0.16623664251172895,0.007284936512585254,0.04535468851333022,9.83608478997684e-05,0.17760359897511122,6.185664330043078e-17,0.15934348031725898
0.19288671846820948,0.044489991253744615,0.12905292166513876,0.1896693247325315,0.09714526864737512,0.05322753606554589,0.1413187958675307,0.08242963842961401,0.06977980487030977
0.19577380752933934,0.04724902511147728,0.12295091461611225,0.1833513994377367,0.0953238352220263,0.05524585198416317,0.14514996920660533,0.07910025405923672,0.07585494283330294
0.2009926330997613,0.034261555379935776,0.1052299926831601,0.16609033921442218,0.0757297541453777,0.06363696894283488,0.13350228263002747,0.17119731401919114,0.04935915988528941
0.07850937137951844,0.06461001130109027,0.1680847834884309,0.10303271941044455,0.09204993948465348,0.11019307176248937,0.18555188323067884,0.07692289611105026,0.12104532383164393
0.03516494268746567,0.08958133877077643,0.14067480795120993,0.1151723830077328,0.09663345907707298,0.11327075628063733,0.17793949322815447,0.06962411595434502,0.16193870304260535
0.08757754521482985,0.02952060307008219,0.13005042902024308,0.0855922448314291,0.09010728888638148,0.15403642552765986,0.18490579680594718,0.06351700492531,0.17469266171811726
0.09300428876051059,5.593554369473994e-18,0.12948837558830154,0.06090898898118666,0.08677644429786574,0.15355766388082542,0.2756335766874999,0.04284990790921136,0.15778075389459872
0.08932824542498698,5.796703296493989e-17,0.13248892471860724,0.04721411140408293,0.09005579778404278,0.136712100675816,0.2545473153181413,0.05185743795073073,0.19779606672359196
0.09076300044491023,1.582223036489135e-21,0.14695804802345122,0.041663091023176516,0.07946011354462272,0.15301842927035134,0.24880463768824196,0.038074064568885964,0.20125861543636017
0.08730006447833934,2.8359217831531965e-17,0.05618719513813374,0.05899386989062166,0.0886313779973802,0.12485087340598366,0.27084571371617006,0.039918231763275885,0.2732726736100954
0.09989665395044513,0.0,0.023072664965562442,0.06032316891230379,0.0889093541968592,0.1319843611193214,0.29581379685550807,2.5760672486848894e-18,0.3
0.10784878985234186,1.943420089133859e-17,0.0249791378002344,0.06172479837633044,0.08437460820829422,0.12950340105089872,0.29156926471190037,9.933783235775306e-18,0.3
0.08850908573269224,0.030588726089235487,0.08738946495185311,0.05531735780969791,0.0864641174023851,0.15138702001839452,0.1734748972372955,0.02686933075844605,0.3
0.08887631271556361,0.019850988364393,0.10453581749997619,0.05395146924545883,0.09224911999788854,0.13637326090758742,0.17762679046025373,0.026536240808878637,0.29999999999999993
0.09221663664972898,0.02569068410410449,0.1070538895182522,0.043790157871756365,0.09750830928169422,0.13987696734846072,0.17805660874880916,0.01580674647719377,0.3
0.09293880090331436,0.019370889276759593,0.0919116361558261,0.047290380874567446,0.10293447133318998,0.1199909830168239,0.19536671558455343,0.0301961228549652,0.3
0.0847344127097776,0.020385263059655486,0.08541768622222741,0.047904297419332734,0.10679603865566002,0.1094838546897012,0.19984761382991703,0.04543083341372845,0.3
0.0987823425154093,0.02705466817176188,0.08933568236575995,0.03353459298872638,0.11701942515298853,0.10154499857442505,0.1947444270943777,0.03798386313655117,0.3
0.10428748557882064,0.0301869108694391,0.09070082610782901,0.030464237144827717,0.11718674213378873,0.1023593733354403,0.1935589587706206,0.03125546605923388,0.3
0.10347038414672531,0.021313091681817713,0.08444741870771298,0.03438170178521935,0.12375168637413654,0.09850115358890625,0.2174317541259036,0.04367289767160275,0.27302991191797554
0.09422150126945819,0.04410091510256998,0.07926446606226101,0.030777164695741748,0.12015683405019864,0.09835949113628867,0.2083862978874955,0.05384317996666065,0.27089014982932574
0.09178969732228308,0.06426204305016947,0.11172408163829987,0.028253475337171763,0.1326357626642698,0.07212300944022755,0.1892616816583085,0.0773436306724784,0.2326066182167916
0.08822718857245765,0.06885607764269938,0.11410426931294934,0.029381949191193146,0.13503420192207274,0.06749819726900519,0.18781581322753624,0.08277353980337045,0.226308763058716
0.09943286489433786,0.06845126736492245,0.09319324422916375,0.0336363269311868,0.14663819611551449,0.06313538949333541,0.2038407267666111,0.07086755898137406,0.2208044252235539
0.11906686518825367,0.08949793841608913,2.996950956444322e-17,0.047005853568836804,0.1390905709755835,0.02944127821264586,0.22629300842430716,0.07684419215463276,0.2727602930596512
0.12369185322381793,0.08502756741713172,4.95127856171409e-17,0.04667872383441607,0.14931773985135663,0.02451995581377241,0.23026495960804574,0.08093952734106682,0.25955967291039256
0.13115064746455232,0.06930255124197479,4.692004077190139e-18,0.04782451021510956,0.14134331034352826,0.026975855120289407,0.2337386037078197,0.08445067796783287,0.26521384393889313
0.12403772107538401,0.09407725704992545,6.78218452153862e-17,0.04746677263585547,0.1430008765437209,0.0231615932073598,0.20498222659623133,0.07596671188431478,0.28730684100720816
0.0995120826584414,0.11589681499397288,4.410474443276281e-17,0.050505289605703635,0.14900556735637288,0.02757587159971632,0.1894930316962703,0.0680113420895226,0.29999999999999993
0.08797203214580959,0.11089211841657864,1.3117546822848854e-16,0.06541438492732876,0.15931155152510468,0.021558100463673437,0.2024650319576139,0.05263470654550934,0.2997520740183815
0.05567450801764794,0.14892371770490972,7.981438320476832e-18,0.05440128934710449,0.18043403012320378,0.009475490717582035,0.21720519507306063,0.033885769016491436,0.3
0.050499780456648664,0.15989276697711502,8.616899876159328e-17,0.04368150826370473,0.20590819915349115,0.005017886337081265,0.20876628961059054,0.02623356920136956,0.2999999999999999
0.050619561452697276,0.1613173332696441,1.0123033771288424e-15,0.04400318545313513,0.20987933731282954,8.164435382647321e-17,0.2085025596725247,0.025678022839168615,0.2999999999999997
0.05236848140642168,0.13678454859079395,2.483754138980714e-16,0.019927149793989882,0.2701366779407299,4.668119060302191e-18,0.18428937922654456,0.036493763041520494,0.29999999999999993
0.04678592769650548,0.1594001231077122,8.19048111905467e-19,0.04209826527551754,0.24012276562580367,0.0,0.19793321312881174,0.013659705165650357,0.29999999999999993
0.022685324825298496,0.2121881409526363,1.5112052852818152e-16,0.05790758854081393,0.212551744341284,7.401270652321591e-17,0.10715805564029576,0.08750914569967357,0.29999999999999993
0.052353378311841475,0.26613349784847945,5.771599822657363e-16,3.1585151148227246e-17,0.25965250374296156,1.551541273608951e-16,0.10080323470671193,0.021057385390005335,0.2999999999999997
0.046238722802699764,0.25273645145016,2.7775575896449604e-16,3.5242899823119706e-17,0.2627441289052826,1.6762042487008176e-16,0.11871813839620135,0.019562558445655992,0.29999999999999993
0.02903572105287773,0.29040781991941805,2.3479645432833753e-16,0.043819389981479905,0.10871703490795487,0.05541110150540841,0.11393878832056749,0.05867014431229318,0.2999999999999994
0.06080798771565519,0.26864180362523454,5.33955998527344e-16,0.06698066223314515,0.07134576793015263,0.06352748717295176,0.0541020032028272,0.11459428812003432,0.2999999999999985
0.0595313493176917,0.21800668233128775,2.5725295478362225e-15,0.07469817121468214,0.05442840667426854,0.0622518814475907,0.05342125327858941,0.1776622557358885,0.2999999999999986
0.08717501578844034,0.23712889683035368,1.5570668976236954e-15,0.052759071366564526,0.011010047798313244,0.07157100640892598,0.04456575788651224,0.1957902039208908,0.29999999999999755
0.09497975333409289,0.29999999999999993,1.4114783440007263e-15,0.041730987072213434,0.0,0.05137840771110739,0.0,0.21191085188258596,0.29999999999999966
0.12813504576872167,0.1644284884255311,1.0903861558487799e-15,0.05902719484324791,0.015140582427798076,0.10515897154696086,0.03294069017974194,0.1951690268079983,0.2999999999999995
0.1308272066323806,0.12124577782781952,2.4084553928986572e-17,0.046100673914233975,0.05937459848388008,0.12741736529784997,0.043447372107450984,0.17158700573638438,0.29999999999999993
0.11371658993490312,0.12426393733011222,8.599816725003097e-18,0.03483012411491594,0.06888263329392144,0.12896996165931807,0.0703356369344135,0.15900111673241582,0.2999999999999996
0.11616786618645969,0.123522704647979,9.246725509987988e-18,0.041541461891805014,0.058732534423716704,0.1277118070750978,0.06358332454648843,0.1687403012284534,0.2999999999999998
0.11543407487808997,0.11909854434939227,1.9037286384688227e-19,0.04008122362746284,0.06467858676257153,0.13028074088018388,0.06480349752688616,0.16562333197541385,0.29999999999999954
0.0980495777082037,0.13094242376332027,9.644155659644068e-20,0.05984493744865252,0.08140869787469514,0.10522240805185404,0.08062204667982883,0.14390990847344545,0.2999999999999999
0.10213870532418126,0.13257882353773154,0.001005346773876985,0.05716438084323955,0.08715059355124373,0.1098891694793009,0.08127757574705273,0.1287954047433742,0.2999999999999991
0.10367986243139454,0.12867172896362264,0.00015022479924787813,0.05194897190426837,0.07844760989539706,0.1122412478810362,0.07689438685556882,0.14796596726946387,0.3
0.10528614955893671,0.13321714473273022,0.002877097716245816,0.05162901540808482,0.08272539838614489,0.11917881828141283,0.07568340669642952,0.12940296922001568,0.29999999999999905
0.09817207882706336,0.13432699139476034,0.006227366242137695,0.05717437094819835,0.08675026160451903,0.11449430377297484,0.0772028287212403,0.1256517984891073,0.2999999999999988
0.10173557299251597,0.1352817065510696,0.0021654491741625154,0.06451644330107088,0.08396923717409291,0.11106900464025872,0.07508163376972697,0.1261809523971024,0.3
0.09468674364730503,0.13895043471358662,0.002926720909540534,0.06488473690372466,0.0993035205971712,0.10805900116775505,0.08069117990838306,0.11049766215253365,0.3
0.08266456460122869,0.1436100323716079,0.007868379766851211,0.065953072065872,0.10039500148276226,0.1019989375100064,0.08105032188206686,0.11645969031960476,0.3
0.08336056601192365,0.15646451162174274,0.005554254487111442,0.06420083190469816,0.09396874590152739,0.09364961664791088,0.08162286316336229,0.12117861026172363,0.29999999999999977
0.08078901051680891,0.15101675406272863,0.008952502693859781,0.06387599069095501,0.10069695360947747,0.0871462332252174,0.08289690809060972,0.12462564711034252,0.2999999999999998
0.10111232778068527,0.15003053232596839,0.0054431452316288514,0.04071292765588699,0.10880627142473014,0.08865230032382779,0.09092633504859264,0.11431616020867981,0.29999999999999993
0.10784669278737065,0.14602209497994587,0.0010469873447571914,0.02700252204838138,0.1106659002001737,0.09536583697019045,0.08958487359006181,0.12246509207911897,0.3
0.0903315421918098,0.15127898933818948,0.007279984391775035,0.04146741365073795,0.10557437314202678,0.08488890924435293,0.09051102985521932,0.12866775818588835,0.3
0.09938702039230132,0.15206138125035257,0.004542965614226022,0.027587396724729863,0.1062730538995612,0.08611217514535044,0.0905294464085517,0.13350656056492696,0.29999999999999993
0.0916847470222065,0.15272206987769743,0.009990517697924152,0.03768665845081593,0.10950903285395798,0.08119017245074209,0.08858773315583815,0.12862906849081754,0.3
0.09357027785375176,0.16305058211846368,0.010243003966242637,0.038254190423294226,0.10801896681615258,0.07664827828015112,0.08439212092130717,0.1258225796206372,0.2999999999999996
0.09579622146002552,0.16600904117688664,0.008167652372674526,0.038130427539769994,0.10537016342932853,0.06480328090205974,0.09128176697396705,0.13044144614528763,0.3
0.09162963980109332,0.1708021914421672,0.00557480359161887,0.04840980832562727,0.09602613223540246,0.07284561446520495,0.08481265368909639,0.1298991564497899,0.2999999999999995
0.10113525964859175,0.16821021740493014,0.0045981193660623604,0.057388805102971424,0.08693025131240201,0.07259845794205352,0.07600739804230335,0.13313149118068576,0.29999999999999966
0.10084440270766563,0.16931486678439497,0.004274910333262953,0.05718879263468678,0.08858942309170638,0.07461769271299473,0.07106647197748744,0.1341034397578014,0.2999999999999998
0.09636072942494585,0.17298350525289274,0.004754968244812956,0.056968542487596786,0.08432983643208457,0.07682051574721592,0.0762659006539719,0.13151600175647982,0.2999999999999993
0.10616822792800695,0.18247373559088279,0.0027820767544319445,0.05345085105034335,0.07945967523005434,0.07334709141098955,0.0705025057052014,0.1318158363300893,0.3
0.10636027485436705,0.18325324197996734,0.004601541425229204,0.047977621943994415,0.0894343281190704,0.07200134079019939,0.06703798674550684,0.1293336641416655,0.29999999999999977
0.10695244867165879,0.18235396929476402,0.00037670050141630555,0.05211271945844062,0.08003518895498243,0.07713202359830997,0.066662679475725,0.13437427004470293,0.2999999999999997
0.10063616613463694,0.16028828490546285,0.0006635159750399696,0.06781705164540827,0.08422489734304728,0.07367378359360359,0.06456670611816544,0.14812959428463604,0.29999999999999954
0.09640815560489768,0.15484126121064234,0.002135937905622419,0.05419748955149092,0.08559834730237234,0.08056225773687598,0.07425782387737218,0.1519987268107262,0.29999999999999993
0.12413089583275987,0.12415705097368358,6.359638851050466e-19,0.04010232143355005,0.047975452027789106,0.08829429458461588,0.06260746830777611,0.21273251683982555,0.29999999999999993
0.12840957623449642,0.08958955174772482,2.015691341163656e-18,0.0460400388280105,0.06305722915327512,0.11288538015124537,0.05369779097159917,0.20632043291364874,0.2999999999999999
0.2017636891510495,0.09757924423163929,0.03127752752150706,0.025199867961420475,0.10739130250925163,0.13619474343598378,0.044571897588546454,0.13961527094423148,0.21640645665637032
0.208909961565143,0.12686363303469478,0.029316348367721415,0.02389246884862961,0.10700900286786245,0.07743886365337338,0.04331540448860597,0.15229654210955082,0.23095777506441856
0.15636972737550617,0.03139374832512951,0.10804305212910262,7.538458070394576e-20,0.09234392972518579,0.18392642390655306,0.05956735375384158,0.09771484075135,0.27064092403333134
0.10253063364796602,0.05281912674209156,0.13777874222908276,1.6283169274944898e-16,0.07559049631564324,0.14908700344370737,0.08180913425838869,0.20027269938640777,0.20011216397671247
0.08519491460819022,0.0852286629747975,0.055887844042427956,0.00532123860416194,0.03269199937745036,0.12706313187171464,0.07447451372002492,0.25808597254824694,0.2760517222529855
0.08322145755527159,0.11530025937929488,0.0555058498249296,0.006366448454304414,0.022166510859884466,0.10697595446267825,0.045013354513623795,0.2843049353447362,0.28114522960527677
0.07559769968447545,0.11056705664484659,0.03169789348069484,0.0006611101120487968,0.03870864392682305,0.10186112638580577,0.0526227496460126,0.29999999999999993,0.28828372011929293
0.07234206206591764,0.11821271820480193,0.029283878761296504,3.63013614245817e-18,0.036951675315745613,0.10135930704472494,0.04523335882906484,0.3,0.2966169997784485
0.07544051735054559,0.12134713703535897,0.03206465204013363,7.265898752449236e-05,0.028820331395915628,0.09764468376303637,0.04461001942748534,0.2999999999999999,0.3
0.07321466150678844,0.12272786397664805,0.031590619964145056,0.001422613091488825,0.03163308881285437,0.09393839369710026,0.04672016412362261,0.3,0.2987525948273523
0.07529353871749835,0.11810049224981758,0.03066064193873852,0.0029495886571743748,0.030457379560932793,0.09530133773130091,0.047237021144537525,0.3,0.3
0.07803494450626451,0.1167024014962748,0.03718643081562881,0.0047695179481765625,0.023380528011142255,0.096421895926483,0.043504281296030005,0.3,0.3
0.08593126735157117,0.11017184842736515,0.03563557066596301,0.0077115549589356035,0.014464126430628206,0.10812589012132426,0.037959742044212715,0.3,0.2999999999999999
0.08838198725239142,0.11163172585776297,0.03228524921036037,0.009489357939257658,0.012753688557690619,0.10883259726613577,0.036625393916401204,0.29999999999999993,0.3
0.10375751919761497,0.11164741924336007,0.02810833383989372,0.00773821384783365,0.008828853785737627,0.10637449691418374,0.033545163171376305,0.3,0.29999999999999993
0.10759328763624822,0.11398301814835908,0.027690296282443714,0.005314430155680435,0.005879203497752832,0.10758345299451368,0.03195631128500208,0.3,0.3
0.10875166174259138,0.11348454017182005,0.028931674696047252,0.0037707499107252026,0.008082487911131149,0.1040832779152372,0.032895607652447756,0.3,0.29999999999999993
0.11046503748062543,0.12834552648811248,0.020187469970812652,0.008893408773579132,0.012381047650429695,0.09167073169796429,0.03969627793611295,0.28836050000236335,0.3
0.10327291192838552,0.12509714938761946,0.020911791671506176,0.012066812179665567,0.017842342665536755,0.10051899467131631,0.04587067983252592,0.28803828358916617,0.28638103407427806
0.10787468269358753,0.11445620844371907,0.01838483147146244,0.005914671847606984,0.015412790097190114,0.125744714255774,0.05046671637997026,0.26726876316164355,0.29447662164904614
0.12434504752088087,0.13452123822784964,0.014431499246309471,0.018237785218923632,1.0646845770424279e-18,0.1207332126860002,0.04722656147842909,0.24050465562160714,0.3
0.13793464953640386,0.1625763437773736,0.016929843572946763,0.01925303427133186,0.011097790272852818,0.12766702936465757,0.05456206285231527,0.18055771415722108,0.28942153219489725
0.12936374676171222,0.148135031925332,0.015019566622211891,0.023993436259765057,0.010958906253711468,0.12819983781789493,0.06267187630510843,0.18165759805426387,0.3
0.13698232206802827,0.1438619011696941,0.016501254628245532,0.023508675149187398,0.009169476550987966,0.12142157354796773,0.06449323775908536,0.18604687467886086,0.2980146844479428
0.13264834287118885,0.16076490281333256,0.020946322653865975,0.021580274721875375,0.006010443628275314,0.1272444282104159,0.06662186241525382,0.16418342268579217,0.3
0.1376749862805952,0.15229386505047685,0.017747681478575594,0.022027612927954715,0.002439709785898862,0.12487070031534554,0.07588055514729719,0.1763701284057215,0.29069476060813454
0.15634837248787806,0.17730767331453262,0.023300400657487726,0.026366307509233536,0.019931458180072678,0.11158243940211679,0.07658468242009012,0.18789781400151964,0.22068085202706886
0.15345146287641692,0.1867680360745109,0.019291114511682226,0.03636693369633249,0.018691001881154367,0.11316863087874039,0.07641559250890795,0.1793671784774653,0.2164800490947894
0.1531417783535248,0.1837909219561234,0.020988012311215307,0.03333754767630875,0.019403314669231193,0.1163026289273378,0.07439790175721014,0.1852260039950786,0.2134118903539701
0.15755245941737356,0.17119793679094103,0.0205990429709161,0.020747985941030368,0.022255772849886817,0.11615259959081747,0.07526761543387898,0.17955271297487724,0.23667387403027845
0.15534314532291768,0.17512469269014738,0.022338488414949436,0.02289652496816523,0.01839858564079705,0.10528137248038948,0.08603408728486162,0.17841623400730056,0.2361668691904716
0.15338492442483428,0.17516289483945705,0.022275088545480482,0.023223332097718367,0.019060339780370163,0.10554119618382408,0.0831991460133242,0.17962251974377552,0.23853055837121584
0.1531084221173337,0.22082788535177453,0.01607283824817334,0.02920986394102452,0.024728235662393586,0.10252706512039034,0.09862871917115526,0.13297184467733178,0.22192512571042294
0.17438889395367885,0.20221021342328535,0.04563439773829017,0.023848884632730674,0.017752197769919764,0.1046078474608955,0.11211226696602411,0.12349081432718,0.19595448372799562
0.06447312484837425,0.24635890150743156,0.048861802385294924,0.08029981020424387,0.24572801011639228,3.780469313190117e-18,0.17234234416909164,0.014176258089253501,0.12775974867991804
0.11286196250322975,0.2659985030235515,0.031458416473403326,2.8613826451616984e-18,0.09992169420668379,0.09063763549402347,0.128922815456741,0.0810569030190489,0.18914206982331835
0.11321571775486589,0.258493236504453,0.03764894035943071,1.3054882753545918e-16,0.09822543561730127,0.0939885314799761,0.1287597736820328,0.0846720824633042,0.18499628213863595
0.11209056979086227,0.2656039683165892,0.0394362624270965,1.1010863094301892e-16,0.09810060827321439,0.0781567006143989,0.1376207829502234,0.07718048228924228,0.1918106253383731
0.10296618067657817,0.2762806009742753,0.0452382046119811,2.3367495771831265e-17,0.09200929194182567,0.061756248412750396,0.12992572834891516,0.06954858623019942,0.22227515880347476
0.10967481338480119,0.3,0.03846630396352525,9.430483911068517e-17,0.10514502721024933,0.051363677200557345,0.12912919817485904,0.03136510020884726,0.2348558798571605
0.1012326802249282,0.29999999999999993,0.04589258484457541,4.043503896707399e-17,0.09870531534149679,0.05121070530772661,0.13291875802308406,0.03693844366041882,0.2331015125977701
0.10547873585535042,0.3,0.046916831480576585,4.5217431696781424e-17,0.09955816802703531,0.049964541802617335,0.13177819134171942,0.03510649901808997,0.23119703247461101
0.10668383760849923,0.3,0.10334931537698665,0.0034751506606962006,0.15612843933908604,0.03695049789167043,0.1394223542810238,0.0017035601393326047,0.1522868447027051
0.10393045387308791,0.3,0.09901319040718642,4.314969256310424e-18,0.16033497241658448,0.04732596530335493,0.14033738467087642,0.0003769613677158934,0.14868107196119396
0.09989453661190084,0.29999999999999993,0.10696099045638735,2.181183569101542e-17,0.12347126121292541,0.05568983216606023,0.15051350271778527,0.013864965834436225,0.14960491100050474
0.11139907352588667,0.13242058674798526,0.1011112257744825,0.03732593518995485,0.13319644489516638,0.12072626677035038,0.16976159863690693,0.07269047064935481,0.1213683978099122
0.10475258766229745,0.1099153132142849,0.10468301750726498,0.04210772831874311,0.14484237885790283,0.11749929067382364,0.18097566266484325,0.06498112510884384,0.13024289599199604
0.14169879635607738,0.10642299452740553,0.07775538358262664,0.0820377390244037,0.18426660117438523,0.07787650234185486,0.1889643798818372,0.028483470356195837,0.1124941327552136
0.1487049128563064,0.1056646915788074,0.08012146413618916,0.08549339179339255,0.18324320824084028,0.07827421634406981,0.18673664301876208,0.029326968616710608,0.10243450341492173
0.14170811591970822,0.10709772532743901,0.0821266071233492,0.043235924669764565,0.17460698011703987,0.07109904573569797,0.19445065126073494,0.04758982570399517,0.13808512414227117
0.15084267726397113,0.07499812057701784,0.06686121975946038,0.0522308883380719,0.1492304331729276,0.08309838670056746,0.2081981930551702,0.05706753315607451,0.15747254797673899
0.15400626798556757,0.07642987831816242,0.06823761746205016,0.05289166049203823,0.14235627257115632,0.08297264532888825,0.2052536660798942,0.06172418766121807,0.15612780410102478
0.1477225900810307,0.07134634997328612,0.07248266711856799,0.052527889287221706,0.14111807829482367,0.08839893809834974,0.2063931904126897,0.06549524876175579,0.15451504797227458
0.14339984105766337,0.07869526728882764,0.06604539850214172,0.05548752816796995,0.13509748700530955,0.08620336651376433,0.2101899675968209,0.07400152162700109,0.15087962224050147
0.14653819513891814,0.0813998931049884,0.047884156961002886,0.06960769096102608,0.1291972731313265,0.09078637136783729,0.1968825420154951,0.08965181910857264,0.14805205821083295
0.15456003372709157,0.08070868697127331,0.045453612975031615,0.06395495008901397,0.13168423631604909,0.09412976045216088,0.19702651106683305,0.09040363843292071,0.1420785699696258
0.14716596145183256,0.08819473481064852,0.045749964288080924,0.06652601873469911,0.12779039867067896,0.09354741447249956,0.1986999391401011,0.08542932847742918,0.14689623995403014
0.1434631540395995,0.0649161567644313,0.04790211137474543,0.06029001585305902,0.12531444486169357,0.09362808682682709,0.20818871744404363,0.08875127233068782,0.16754604050491267
0.13531737777128294,0.05640030108431166,0.05398421816800645,0.050380194827749705,0.13907503232190507,0.08165288566060443,0.22812092962207564,0.08444973057326878,0.17061932997079535
0.1424528391680012,0.030959086964919124,0.04764353612994762,0.04897794502663041,0.14772091704053594,0.09133437846583313,0.23270671211110777,0.08952680335386681,0.168677781739158
0.17571755233899314,6.85051701542567e-18,0.18308007091509645,0.03803715761781836,0.11568962944804025,0.09345708602110546,0.22473450672046102,0.09258181754159725,0.07670217939688803
0.16793974601869238,8.104847479109097e-18,0.1698303259586103,0.03676201900332232,0.12397164668516131,0.09732936494007273,0.23610832251588149,0.0871161305482013,0.08094244433005825
0.1479911213481944,2.5555454127233717e-19,0.17826047239467302,0.023849838689432953,0.10687818336284287,0.1253587099139916,0.23852350366555242,0.08139401180615162,0.09774415881916126
0.14218747185027278,7.195792154753335e-19,0.1732038932317866,0.02948281590525746,0.11622893238448868,0.11600308087506092,0.24033013458288516,0.08640009073895671,0.09616358043129176
0.14976002408156525,1.0629123245543003e-17,0.1668115601767079,0.036449210903716216,0.1173637908764557,0.11473405068789334,0.23819142647911493,0.08176622516913086,0.09492371162541581
0.13611805079842393,1.3579203632088756e-17,0.16052467383738567,0.04310869854811201,0.12298152151940371,0.10034666662125544,0.24070582285121395,0.09301806403564407,0.10319650178856131
0.13452426169256587,4.056422285581126e-19,0.16370696553267658,0.04953438645987093,0.12596786179992334,0.10335468693502833,0.23839230662532276,0.08424853677457249,0.10027099418003965
0.13041454372964975,1.61459255821184e-18,0.153739920028868,0.05907911384692943,0.13362234377311474,0.10751109990838528,0.23792086649346592,0.08078088680383275,0.09693122541575407
0.1286746345390003,2.463908389153855e-18,0.15432573575582048,0.04931140842104178,0.1270575031587004,0.09995882130300694,0.24967784679775457,0.08737409323154749,0.10361995679312809
0.12035198276338611,6.570849075155256e-18,0.1594676244286293,0.052872852266677,0.12648661135357003,0.0965181774181803,0.25552601492099586,0.08961295211968191,0.09916378472887942
0.13125800077130723,0.0,0.14408137028851667,0.06013853023859374,0.10800924483930209,0.11883620970980098,0.25685238585120634,0.07920610302832207,0.10161815527295089
0.11456032689510408,6.091351747154629e-18,0.148490057290181,0.054787259688031914,0.09369803559966802,0.13383922238399507,0.27155335700302546,0.07251626937456818,0.11055547176542638
0.11064907122610387,3.0671214521795797e-19,0.13713175440609113,0.06099307478944971,0.10462439625259365,0.1410869894390541,0.2717540880590536,0.061500593245054046,0.11226003258259996
0.11901907627350311,1.60484055814605e-17,0.14940228716999307,0.05670075462571652,0.09052880701271325,0.14631913386913908,0.26704059936610586,0.05959979037309113,0.11138955130973807
0.13101508310123525,6.101599488611896e-18,0.15680941591548955,0.05026105445495087,0.09485126908998268,0.15509272512856564,0.23778978042510396,0.060675005037186,0.113505666847486
0.15890421002879535,1.224408656850902e-18,0.15762168623877532,0.027701274271512737,0.11762694086577173,0.10760824242849909,0.2527778593428869,0.1137903609001267,0.06396942592363222
0.15942725452322565,1.6886601549920486e-18,0.15420332701009676,0.027017553556122138,0.11834105145485459,0.10184741469545194,0.26390248623135115,0.11242334093021615,0.06283757159868177
0.15843481376805033,8.314526504370333e-18,0.1504640833307428,0.035900776490189676,0.12859315016733378,0.09653598806960766,0.26187841514082055,0.10728726278070116,0.060905510252553995
0.16020310401898732,8.198979664898158e-18,0.15832359526306305,0.029657311546721365,0.11873559900049932,0.10140806867539273,0.25229857077723966,0.11347839102703082,0.06589535969106586
0.17236285569090373,2.5077485838735273e-17,0.15886052037914117,0.033695817520779575,0.11758825180866238,0.09787678437597214,0.24405076123537597,0.11458638952862327,0.06097861946054176
0.1710911490692241,1.1695052465184241e-17,0.16096824526934614,0.03347159006112425,0.12365069339634971,0.09556652839541792,0.23344016498216894,0.12253210190475333,0.05927952692161567
0.16750111984139107,7.394486904234672e-17,0.18636090372113873,0.003311576747173165,0.08679014271995139,0.14942567157638884,0.23300564189795925,0.09550428821947962,0.07810065527651797
0.17003079283783484,8.21490527916745e-18,0.17915131911137766,0.0039778851456195126,0.09176464418595982,0.15270835692138832,0.22610306872474994,0.09780281086443685,0.07846112220863309
0.1564556669541796,0.02955479810600682,0.22554812048501863,0.0022039681670985153,0.07127999836173325,0.138052830982178,0.1193398745951378,0.14320512010817615,0.11435962224047132
0.14844626002471217,0.033695882922563654,0.225034073714941,0.0043690615145435705,0.07327534916355426,0.14451498418667336,0.1161582905848804,0.1347228176226035,0.11978328026552805
0.16697284695945958,0.060160809669969985,0.17650714420456384,0.015327139857078691,0.1043940528398664,0.18791258817223472,0.06785484353287777,0.13107137958241277,0.08979919518153624
0.1391216157223098,0.07965100670952763,0.17062566981846006,0.02663267904155284,0.14330236765881876,0.16622765005581513,0.09127488622877546,0.1049129306613096,0.07825119410343079
0.1455726132821923,0.08858385963279058,0.1642435463708396,0.01910212529211485,0.14922146920733353,0.16118361714149126,0.09139295768039254,0.1133922962891487,0.06730751510369666
0.1387079627743436,0.08291665173005928,0.17562873652069583,0.022887025549143836,0.14254100666471048,0.1612877279175893,0.08628003409821702,0.11627422626970631,0.07347662847553439
0.16322019470505228,0.07445280196965212,0.17297514723063692,0.014048313049077412,0.13690815040744572,0.16655032822411336,0.08572967843551767,0.11842345876942567,0.06769192720907889
0.11305781052778485,0.08043713527690498,0.17882619582259235,0.017956660513778908,0.14672801351769144,0.15268133819268065,0.09816060666968353,0.11728766474813962,0.09486457473074376
0.1245888611120127,0.07487597244288872,0.17219570539230525,0.023863121503960066,0.16019116093506655,0.14771865526335404,0.08561442234063553,0.11980182165338889,0.09115027935638828
0.1338511264277276,0.06223874734430831,0.18233986699545202,0.019946743200061085,0.14574256533269586,0.15407095695451517,0.09041399908967876,0.12373822175916062,0.08765777289640059
0.13279160760750258,0.06366033119298216,0.1825128367155579,0.023641986717062972,0.13749638010951365,0.15342039650678957,0.08832715526570599,0.13259401245302135,0.08555529343186381
0.130641942176738,0.06774885267757177,0.17844288738962819,0.023403638614783333,0.1463278441362719,0.15058569534377939,0.08200758624567167,0.13184231517754239,0.08899923823801344
0.12334348947941488,0.08805614586207698,0.1694111116578228,0.02478850556129195,0.15850084207512274,0.14963259849699279,0.07710944865657188,0.1245413049905978,0.08461655322010825
0.0929224288690286,0.09156836854361805,0.12066764438713008,0.03769778905463649,0.1528486884253283,0.1499872946229764,0.06915844504759795,0.14946395156581666,0.13568538948386744
0.09746879267608419,0.09646001833669925,0.11557008121210786,0.035959705055906795,0.14873620458541725,0.15475191636039745,0.06877650943244965,0.14983692818840907,0.13243984415252852
0.10027057062337318,0.09133470854831675,0.12056351605091531,0.01157034650014781,0.14850783772185355,0.15570026945488355,0.07563658888786114,0.160068543780901,0.13634761843174772
0.10742445622714766,0.09354375228213345,0.11521293481239951,0.015686124537584608,0.13281437953830977,0.1429805267443783,0.07081571384669196,0.16976375140153122,0.1517583606098235
0.07999671344396247,0.25740362602543654,0.04981329700215266,4.2895344205212646e-16,0.10877792786060182,0.13056218868033148,1.570185176484103e-17,0.0734462469875153,0.2999999999999995
0.11400389501235843,0.23213367078543112,0.02409042718601252,4.233172319965429e-16,0.09413658385725392,0.0950054827973179,0.025354220720823335,0.11527571964080269,0.29999999999999993
0.11451031533758198,0.23503311477487487,0.021434089143740766,5.7426355974131545e-15,0.09233904935280116,0.09503077954606177,0.028549591997142815,0.11310305995823536,0.2999999999999982
0.12013527102403085,0.2389613846402776,0.014767440470464271,2.553053565625345e-16,0.09284335879221371,0.0975527719521264,0.022821393810297422,0.11291837931058939,0.3
0.11700109645656874,0.23156274893118098,0.02189274814635379,3.495120894721368e-16,0.08958609052732086,0.09867746650749754,0.03201583451439879,0.10926401491667896,0.3
