Technology_XLK,Healthcare_XLV,Financials_XLF,Energy_XLE,Materials_XLB,ConsumerDiscretionary_XLY,Industrials_XLI,Utilities_XLU,ConsumerStaples_XLP
0.2999999999297017,2.1313793101429686e-11,3.3851474156335626e-11,3.2652792099413895e-11,0.2999999999562532,0.2999999999595155,0.09999999999520097,3.721647987393712e-11,3.429404861261873e-11
0.3,1.494637746901617e-14,3.6262659541819176e-14,0.0,0.3,0.3,0.10000000000004383,0.0,0.0
0.3,2.5979218776228663e-14,1.942890293094024e-14,1.2295719997723609e-14,0.3,0.10000000000004569,0.3,0.0,0.0
0.3,4.579669976578771e-15,5.162537064506978e-15,4.3576253716537394e-15,0.3,0.10000000000001338,0.3,0.0,0.0
0.3,0.0,0.0,0.0,0.3,0.10000000000670675,0.3,0.0,0.0
0.3,0.09999999998226582,0.0,0.0,0.0,0.3,0.3,0.0,0.0
0.29999999988889425,0.09999999992941519,5.196931564611425e-11,5.028693606375401e-11,1.072654465250622e-10,0.29999999992468124,0.29999999993327475,5.315734947080335e-11,6.105550618760854e-11
0.2999999999479499,0.3,2.2932090722812032e-11,2.3395064184250363e-11,1.8947047134684828e-11,0.29999999996487137,0.09999999996752199,2.6241281495226054e-11,2.6670547735035215e-11
0.29999999992717175,0.1000000000215679,2.631336815106522e-11,3.507698367396782e-11,9.177616999700433e-12,0.2999999999503126,0.2999999999537316,3.950366160034129e-11,3.71443665889984e-11
0.3,0.09999999991240872,0.0,0.0,0.0,0.3,0.3,0.0,0.0
0.29999999977985453,0.09999999983575046,8.441039305734052e-11,7.499415103307804e-11,2.8867731989568046e-10,0.2999999998850343,0.2999999998905511,8.30469554903186e-11,7.768096500018474e-11
0.29999999989616183,0.10000000003285371,1.3594667058747234e-11,4.7930655859246366e-11,4.091679446169331e-11,0.29999999992483933,0.29999999992993265,5.641951986495057e-11,5.7350948626491505e-11
0.29999999995374094,0.10000000001621592,7.319089778690113e-12,2.365262695087228e-11,1.7884347277590122e-11,0.29999999996762805,0.29999999996779625,2.371525551345663e-11,2.2047411514114812e-11
0.3,0.3,0.0,0.0,0.0,0.3,0.0999999999533369,0.0,0.0
0.3,0.09999999999645642,0.3,0.0,0.0,0.3,0.0,0.0,0.0
0.3,0.3,0.0,0.0,0.0,0.3,0.09999999992574951,0.0,0.0
0.29999999995151727,0.29999999996242266,1.851715357477538e-11,1.447335194195462e-10,1.7949741614944223e-11,0.29999999977553105,0.10000000007676338,2.6384119876770707e-11,2.618116781281033e-11
0.3,0.3,0.0,0.0,0.0,0.3,0.09999999936898941,0.0,0.0
0.299999999998482,0.2999999999900547,5.71895166340434e-13,8.149254377920225e-13,2.566274601654302e-12,0.2999999999986528,0.10000000000701117,8.947396616741039e-13,9.51617502698073e-13
0.299999999999973,0.10000000000000131,3.3861802251067274e-15,3.3029134982598407e-15,2.7755575615628914e-17,0.2999999999999936,0.29999999999999427,1.1129985821867194e-14,1.9984014443252818e-14
0.2999999999508581,1.5856470042358037e-11,2.036030408843576e-11,2.6356602935953797e-11,0.29999999998090693,0.09999999999013869,0.29999999996633114,2.5894314535892016e-11,2.329758234921956e-11
0.3,0.0,0.0,0.0,0.10000000000001495,0.3,0.3,0.0,0.0
0.3,0.1000000000327782,0.0,0.0,0.0,0.3,0.3,0.0,0.0
0.3,0.0,0.0,0.0,0.10000000000001225,0.3,0.3,0.0,0.0
0.2999999999798304,0.10000000000598581,7.622942279665076e-12,1.1383797358984715e-11,2.5287411054009112e-12,0.29999999998513466,0.29999999998658317,1.0872603560378875e-11,1.0057833166444132e-11
0.2999999999998598,3.338995746560158e-14,2.858824288409778e-14,2.7478019859472624e-15,0.0999999999999929,0.2999999999999634,0.29999999999998006,5.1209037010835345e-14,8.759659664292485e-14
0.29999999996086807,1.6018616361466644e-11,1.261191363299727e-11,1.7512619826520748e-11,0.10000000000233328,0.29999999997376897,0.2999999999756956,2.3420260506818734e-11,1.777070552844981e-11
0.3,0.0,0.0,0.0,0.3,0.3,0.10000000000033002,0.0,0.0
0.3,0.0,0.0,1.0735856648125264e-13,0.3,0.3,0.099999999999801,0.0,0.0
0.29999999999998767,5.273559366969494e-16,5.2735593669694936e-15,0.09999999999999862,0.2999999999999987,0.29999999999999305,0.0,4.135580766728708e-15,1.2101430968414206e-14
0.3,0.0,0.0,0.10000000000000095,0.3,0.3,1.429412144204889e-15,0.0,0.0
0.2999999999885704,5.8161157643675004e-12,4.601303873353191e-12,1.4210046334062199e-11,0.2999999999911554,0.29999999999148297,0.09999999999005692,7.475892475995135e-12,6.630916829981102e-12
0.299999999999374,3.094254873414006e-13,2.217902919589318e-13,0.2999999999999417,0.09999999999999047,0.29999999999957866,0.0,4.1096767234972986e-13,3.7411205833815827e-13
0.2999999999883374,5.169221055583272e-12,4.2842057144656505e-12,2.19614604279883e-12,0.10000000000397438,0.2999999999911633,0.2999999999917883,7.291128659512789e-12,5.795929498765989e-12
0.299999999999995,1.915134717478395e-15,0.0,0.2999999999999985,0.10000000000000461,0.29999999999999727,4.718447854656915e-16,1.7486012637846216e-15,6.106226635438361e-16
0.3,0.0,0.0,0.3,0.10000000000000095,0.3,2.220446049250313e-16,0.0,0.0
0.2999999999993214,4.0869684148034924e-13,1.699628965298682e-13,0.29999999999957633,2.9941522378001545e-13,0.29999999999961274,2.5653978306367277e-13,0.10000000000006702,2.878273639245e-13
0.3,0.0,0.0,0.3,0.0,0.10000000000009193,0.0,0.3,0.0
0.2999999999997185,2.4367498094313756e-13,7.13525239711938e-14,0.2999999999997325,1.1649015085879455e-13,0.10000000000002511,1.1507537155022973e-13,0.29999999999978516,1.9214339824322786e-13
0.29999999999930166,5.596918400212162e-13,5.352731488968391e-13,0.29999999999880805,0.29999999999933274,0.10000000000008169,3.173846395489218e-13,4.689749516965481e-13,5.945625230872145e-13
0.3,0.0,0.0,0.3,0.3,0.09999999999999992,0.0,1.582067810090848e-15,0.0
0.3,0.0,0.0,0.3,0.3,0.1000000000000041,0.0,1.9984014443252818e-15,0.0
0.2999999999999998,3.566591466608315e-15,8.743006318923108e-16,0.2999999999999992,0.3,0.09999999999999626,6.938893903907228e-17,0.0,4.163336342344337e-17
0.29999999999999655,3.635980405647388e-15,1.27675647831893e-15,0.29999999999999416,0.29999999999999793,0.10000000000000255,4.163336342344337e-16,0.0,3.6637359812630166e-15
0.29999999998777155,6.54291531210379e-12,3.9300569025855e-12,2.3910554092232417e-11,0.2999999999915355,0.2999999999685757,0.10000000000383782,8.005077854457712e-12,5.891018202260876e-12
0.3,0.0,0.0,0.3,0.3,0.10000000000000146,3.3306690738754696e-16,0.0,0.0
0.2999999999999915,1.9290125052862095e-15,6.800116025829084e-16,0.29999999999999893,0.29999999999999677,0.10000000000000514,9.71445146547012e-17,2.42861286636753e-15,2.400857290751901e-15
0.29999999999999766,6.5780714209040525e-15,1.1102230246251565e-15,0.2999999999999951,0.29999999999999666,0.09999999999999877,0.0,0.0,4.829470157119431e-15
0.3,0.0,0.0,0.3,0.3,0.09999999999999826,9.298117831235686e-16,0.0,0.0
0.3,0.0,0.0,0.3,0.3,0.09999999999999978,2.914335439641036e-16,4.163336342344337e-17,0.0
0.29999999999999716,5.995204332975845e-15,1.6375789613221059e-15,0.29999999999999694,0.29999999999999805,0.09999999999999859,0.0,0.0,2.0261570199409107e-15
0.3,0.0,8.049116928532385e-16,0.29999999999999905,0.3,0.10000000000000157,3.885780586188048e-16,2.220446049250313e-16,0.0
0.29999999999999616,1.1532441668293814e-14,1.5126788710517758e-15,0.29999999999999605,0.29999999999999793,0.09999999999999268,0.0,4.163336342344337e-17,5.7870375158586285e-15
0.29999999999824856,1.7949248333888354e-12,1.3718760704881199e-12,0.29999999999688043,0.29999999999770893,0.0,0.10000000000190978,1.3426901008382468e-12,1.7001254474863832e-12
0.29999999999999477,1.2073675392798577e-14,6.827871601444713e-15,0.29999999999998483,0.29999999999999016,0.0,0.09999999999999752,7.688294445529209e-15,9.43689570931383e-15
0.3,0.0,0.0,0.3,0.2999999999999991,4.718447854656915e-16,0.0999999999999979,8.604228440844963e-16,0.0
0.29999999999999505,1.5237811012980274e-14,6.439293542825908e-15,0.29999999999998,0.29999999999999133,0.0,0.09999999999999759,6.63358257213531e-15,8.1601392309949e-15
0.29999999999999916,3.3861802251067274e-15,3.608224830031759e-16,0.29999999999999616,0.2999999999999995,0.0,0.10000000000000156,3.3306690738754696e-16,5.273559366969494e-16
0.2999999999935112,5.7899876223637135e-12,5.0493116295606794e-12,0.29999999998941007,0.2999999999924036,0.0,0.10000000002624279,3.635622918914933e-12,5.2217027582112634e-12
0.2999999999999977,5.689893001203927e-15,5.551115123125783e-15,0.29999999999999,0.2999999999999922,0.09999999999999651,2.498001805406602e-16,4.85722573273506e-15,7.049916206369744e-15
0.29999999999999927,2.095545958979983e-15,0.0,0.3,0.3,0.0,0.0999999999999994,3.7470027081099033e-16,0.0
0.2999999999911682,7.727095348803159e-12,6.847791146403943e-12,0.2999999999848126,0.2999999999890641,6.77574039627607e-12,0.10000000000091065,5.294069853108426e-12,7.399697135098386e-12
0.2999999999999998,1.3461454173580023e-15,0.0,0.3,0.3,0.0,0.09999999999999834,0.0,0.0
0.3,0.0,0.0,0.3,0.3,0.0,0.09999999999671291,0.0,0.0
0.3,0.0,0.0,0.3,0.3,0.0,0.09999999999480765,0.0,0.0
0.3,0.0,0.0,0.3,0.3,0.0,0.10000000001210886,0.0,0.0
0.3,0.0,0.0,0.3,0.3,0.0,0.09999999999940262,0.0,0.0
0.299999999999999,2.498001805406602e-16,0.0,0.3,0.29999999999999966,4.163336342344337e-16,0.10000000000000185,0.0,0.0
0.2999999999936169,5.0929711217804916e-12,5.848642732126117e-12,0.29999999998880567,0.2999999999922232,5.587016960184599e-12,0.09999999999946035,4.691135194950896e-12,4.674024468995812e-12
0.2999999999981168,1.4517524084680975e-12,1.7853395938178459e-12,0.29999999999667804,0.29999999999759114,1.16926052173838e-11,0.09999999998982664,1.4517840257146622e-12,1.4057391459762986e-12
0.3,0.0,0.0,0.3,0.3,1.8041124150158794e-15,0.0999999999999988,0.0,0.0
0.2999999999925606,6.0282929151940566e-12,6.791437271460215e-12,0.29999999998730453,0.29999999999078475,1.5884932258458662e-12,0.10000000000431676,5.179088745629855e-12,5.445746230665168e-12
0.2999999999925785,6.145846932959352e-12,6.678965116437753e-12,0.2999999999868327,0.29999999999022364,1.488796932958003e-11,0.09999999999142217,5.478925723253378e-12,5.7513207550965726e-12
0.3,0.0,0.0,0.3,0.3,0.0,0.09999999999790606,0.0,0.0
0.29999999999999727,5.592748486549226e-15,2.2343238370581275e-15,0.29999999999999255,0.2999999999999951,0.0,0.09999999999999976,3.8719027983802334e-15,3.622102617839573e-15
0.2999999999960321,3.1233540257623365e-12,3.4404195581820265e-12,0.29999999999380117,0.29999999999597193,6.346451142391629e-13,0.1000000000020691,2.3134565475838092e-12,2.6139623441592462e-12
0.3,0.0,0.0,0.3,0.3,0.0,0.099999999999947,0.0,0.0
0.29999999999527277,3.5686738163547066e-12,3.864914217876289e-12,0.2999999999927685,0.29999999999539745,8.822942376696119e-13,0.10000000000235978,2.8595559866868638e-12,3.0260975671389945e-12
0.3,0.0,0.0,0.3,0.3,0.0,0.09999999999656531,0.0,0.0
0.2999999999976054,1.4586698201227648e-12,0.299999999997302,2.1196195137183412e-12,0.29999999999763965,9.17444505782461e-13,0.0999999999996671,1.920914499504525e-12,1.3692399444193128e-12
0.2999999999986267,7.818598097509916e-13,0.2999999999985167,1.1618680232335025e-12,0.29999999999861243,6.83312933513142e-13,0.09999999999974482,1.0996691869965651e-12,7.726198208524806e-13
0.2999999999999753,5.5727042988854e-15,0.29999999999994714,7.10758585166049e-14,3.907368067881771e-15,0.29999999999996735,0.09999999999998156,3.6880993593314815e-14,1.112382026904413e-14
0.29999999999999993,0.0,8.881784197001252e-16,3.608224830031759e-16,0.2999999999999988,0.1000000000000009,0.29999999999999927,3.0531133177191805e-16,1.3877787807814457e-15
3.1038782655201658e-12,1.0392745691811811e-12,0.2999999999942265,1.581696579266989e-12,0.2999999999984151,0.10000000000101336,0.29999999999817534,1.5343715881188658e-12,9.104973719420428e-13
0.0,0.0,0.3,6.38378239159465e-16,0.3,0.1000000000000002,0.3,0.0,0.0
5.331620934484034e-12,4.755129128836889e-12,0.299999999986613,9.320809956397448e-12,0.09999999999752733,0.2999999999889505,0.29999999999422705,8.09424834211096e-12,5.180386197536619e-12
1.8735013540549517e-15,0.0,0.3,1.0130785099704553e-15,0.10000000000001219,0.3,0.3,0.0,0.0
1.6375789613221059e-15,9.159339953157541e-15,0.2999999999999863,0.0,0.0999999999999937,0.29999999999999516,0.29999999999999416,9.131584377541913e-15,1.1796119636642288e-14
0.0,4.6074255521944e-15,0.3,0.0,0.3,0.29999999999999927,0.09999999999999823,1.0408340855860843e-15,0.0
0.0,0.0,0.3,0.0,0.3,0.3,0.10000000000002143,0.0,0.0
1.5376657942953068e-11,1.6343454651716226e-11,0.29999999996331106,2.771382964013375e-11,0.2999999999746981,0.299999999974461,0.09999999999096928,2.2702832134378363e-11,1.4423826851566006e-11
1.876190753059661e-11,2.0217651573658518e-11,0.29999999995587984,3.250029490786927e-11,0.10000000026451286,0.2999999998488771,0.29999999981334774,2.938040749865985e-11,1.6522271505921483e-11
2.447657677423279e-11,2.5188474017296402e-11,0.29999999994772153,3.989158468914054e-11,0.2999999999617246,0.2999999999548134,0.09999999999371065,2.962378594531838e-11,2.284956395507138e-11
3.800583307311241e-12,4.942468323048468e-12,0.299999999989502,7.18678103432057e-12,0.29999999999308374,0.2999999999952339,0.09999999999558808,6.1701694516119915e-12,4.492208158882477e-12
2.273207502815264e-11,2.686717361237412e-11,0.29999999993872006,4.2454983035539776e-11,0.29999999995844573,0.09999999999089507,0.29999999995675936,3.706677334360475e-11,2.6058889894053703e-11
0.0,0.0,0.3,0.0,0.3,0.3,0.0999999999997005,0.0,0.0
1.685378416486724e-11,1.617629901482089e-11,0.2999999999652659,2.5539696772551106e-11,0.29999999997241794,0.2999999999945831,0.09999999997326095,2.0992837619247077e-11,1.4909538220803985e-11
0.0,0.0,0.3,0.0,0.3,0.3,0.10000000001525136,0.0,0.0
3.898276277460351e-11,3.8789507102166256e-11,0.2999999999128297,6.667932084063444e-11,0.29999999993817783,0.29999999994089155,0.09999999997862795,5.016670323945096e-11,3.485460985840578e-11
2.936271124120512e-11,2.7666716454570305e-11,0.2999999999355337,4.8226027120086306e-11,0.29999999995461274,0.29999999994691223,0.09999999999348679,3.844935913185338e-11,2.5749699791104464e-11
1.9956851895724206e-11,1.8192048514301766e-11,0.29999999995757065,3.1977926077407175e-11,0.2999999999699026,0.2999999999695933,0.09999999999151278,2.4582649534898112e-11,1.6711291105866128e-11
1.5917822615563182e-14,6.379619055252306e-14,0.2999999999998433,4.0245584642661925e-16,0.2999999999999006,0.2999999999999357,0.09999999999994218,1.7569279364693102e-13,1.223882106771157e-13
0.0,0.0,0.3,0.0,0.3,0.3,0.10000000000003244,0.0,0.0
7.577272143066693e-15,2.5729418595688003e-14,0.29999999999994154,8.659739592076221e-15,0.2999999999999847,0.2999999999999883,0.09999999999999294,2.173261570703744e-14,2.881028748902281e-14
0.0,0.0,0.3,0.0,0.3,0.3,0.10000000000002769,0.0,0.0
0.0,0.0,0.3,0.0,0.3,0.10000000000002232,0.3,0.0,0.0
1.6950394274643378e-11,1.742821581708765e-11,0.29999999995685717,3.3389508621926976e-11,0.09999999993132405,0.2999999999639899,0.3,2.461793355615413e-11,1.7102710879854645e-11
2.248201624865942e-15,5.745404152435185e-15,0.29999999999998195,0.0,0.29999999999999316,0.2999999999999936,0.10000000000000005,1.2406742300186124e-14,1.149080830487037e-14
1.8263168755083825e-14,7.903400156550333e-14,0.29999999999984384,0.0,0.29999999999989946,0.2999999999999243,0.09999999999993876,1.7716383915455935e-13,1.2741196986354453e-13
0.0,0.0,0.3,9.270362255620057e-15,0.3,0.1000000000000533,0.3,0.0,0.0
0.0,3.677613769070831e-15,0.3,3.608224830031759e-16,0.3,0.09999999999999976,0.3,0.0,0.0
0.0,0.0,0.3,0.0,0.3,0.3,0.10000000000400551,0.0,0.0
8.326672684688674e-15,0.0,0.2999999999999755,0.0,0.29999999999998445,0.09999999999999669,0.29999999999998805,3.1682989565240405e-14,2.1899149160731213e-14
0.0,0.0,0.3,2.5576762929802044e-14,0.3,0.10000000000013982,0.3,0.0,0.0
1.1226667430497691e-14,0.0,0.3,0.0,0.3,0.2999999999999823,0.10000000000004401,0.0,0.0
0.0,0.0,0.3,1.071365218763276e-14,0.3,0.10000000000009115,0.3,0.0,0.0
0.0,7.494005416219807e-15,0.3,0.0,0.29999999999999793,0.09999999999999824,0.2999999999999967,7.924216838262055e-15,0.0
0.0,0.0,0.3,0.0,0.3,0.3,0.1000000000023277,0.0,0.0
0.0,0.0,0.3,0.0,0.3,0.3,0.10000000000009344,0.0,0.0
6.635388230582534e-13,1.2017905360545002e-12,0.2999999999983864,0.09999999999983644,0.29999999999873816,3.9866374090813395e-13,0.29999999999903176,1.0417074474299528e-12,7.015032799979237e-13
4.8711035205428743e-14,6.711298183859071e-14,0.2999999999998453,0.0,0.29999999999988614,0.09999999999993395,0.29999999999991556,1.7943979635504093e-13,1.5812351428223792e-13
0.0,6.3976601794024646e-15,0.3,2.4147350785597155e-15,0.3,0.10000000000000159,0.2999999999999996,0.0,0.0
1.902644708451362e-14,6.146472220081023e-14,0.2999999999999142,0.09999999999996742,0.2999999999999187,0.0,0.29999999999992855,1.0985656828665924e-13,1.0806633365945117e-13
7.0360384185619296e-15,4.2923997689570115e-14,0.29999999999993876,0.09999999999995998,0.2999999999999335,0.0,0.2999999999999615,1.0152989560197057e-13,7.398248680345887e-14
0.0,0.0,0.3,0.10000000000085657,0.3,0.0,0.3,0.0,0.0
0.0,0.0,0.3,0.3,0.3,0.0,0.10000000000013415,0.0,0.0
1.6930901125533637e-15,0.0,0.10000000000002056,0.3,0.3,1.5154544286133387e-14,0.3,0.0,0.0
0.0,3.1308289294429414e-14,0.09999999999997276,0.29999999999996724,0.29999999999995297,0.0,0.29999999999996857,6.637745908477655e-14,5.83699755196676e-14
0.0,0.0,0.10000000000015388,0.3,0.3,0.0,0.3,0.0,0.0
0.0,0.0,0.10000000000253655,0.3,0.3,0.0,0.29999999999851357,0.0,0.0
0.0,0.0,0.3,0.3,0.3,0.0,0.10000000000052726,0.0,0.0
8.685686127307392e-13,1.230867951693738e-12,0.29999999999911686,0.2999999999982232,0.29999999999862836,5.29006650658892e-13,0.09999999999959923,7.131230072817031e-13,1.0909744538026772e-12
2.095545958979983e-15,0.0,0.10000000000001555,0.3,0.3,7.147060721024445e-15,0.3,0.0,0.0
0.0,0.0,0.10000000000003018,0.3,0.3,1.2781442570997115e-14,0.3,0.0,0.0
2.1371793224034263e-15,0.0,0.3,0.3,0.3,6.2727600891321345e-15,0.10000000000002,0.0,0.0
0.0,0.0,0.3,0.3,0.3,6.2450045135165055e-15,0.10000000000002997,0.0,0.0
0.0,0.0,0.3,0.3,0.3,4.3576253716537394e-15,0.10000000000002075,0.0,0.0
8.326672684688674e-16,0.0,0.3,0.3,0.3,1.8318679906315083e-15,0.10000000000000657,0.0,0.0
2.008115895790752e-14,4.440892098500626e-14,0.29999999999991045,0.29999999999990523,0.2999999999999221,0.0,0.09999999999995099,1.6785184353551585e-13,1.0078049506034858e-13
0.0,0.0,0.3,0.3,0.3,8.382183835919932e-15,0.10000000000001301,0.0,0.0
0.0,0.0,0.3,0.3,0.3,5.9674487573602164e-15,0.10000000000002125,0.0,0.0
0.0,0.0,0.3,0.3,0.3,8.18789480661053e-15,0.10000000000002791,0.0,0.0
1.1907141939104804e-14,0.0,0.2999999999999724,0.2999999999999783,0.29999999999998,0.0,0.09999999999998847,4.590772206825022e-14,3.2557290197132716e-14
0.0,0.0,0.3,0.3,0.3,2.1371793224034263e-15,0.10000000000000443,0.0,0.0
0.0,3.7470027081099033e-16,0.3,0.3,0.3,2.914335439641036e-15,0.10000000000000232,0.0,0.0
0.0,5.384581669432009e-15,0.3,0.2999999999999998,0.29999999999999793,0.0,0.09999999999999955,0.0,0.0
0.0,7.396860901565105e-15,0.2999999999999971,0.29999999999999744,0.2999999999999996,0.0,0.09999999999999763,2.6645352591003757e-15,1.3183898417423734e-15
0.0,0.0,0.3,0.3,0.3,1.176836406102666e-14,0.10000000000001495,0.0,0.0
8.31279489688086e-15,0.0,0.29999999999998883,0.29999999999999405,0.2999999999999906,0.0,0.0999999999999949,2.5465740627339528e-14,1.124100812432971e-14
9.492406860545088e-15,1.289246487345963e-14,0.29999999999997223,0.2999999999999781,0.29999999999997806,0.0,0.09999999999998209,5.417888360170764e-14,2.6631474803195943e-14
7.868705687030797e-15,0.0,0.29999999999998384,0.2999999999999866,0.2999999999999874,0.0,0.0999999999999939,3.4236502521878265e-14,1.9567680809018384e-14
4.862207231764243e-13,6.483182631307268e-13,0.2999999999990735,0.29999999999883475,0.29999999999873017,3.5579178492284314e-13,0.09999999999992638,1.0042539358191873e-12,9.405817172310205e-13
1.2073675392798577e-15,0.0,0.3,0.3,0.2999999999999997,2.373101715136272e-15,0.10000000000000489,0.0,0.0
0.0,0.0,0.3,0.3,0.3,0.0,0.09999999999940291,0.0,0.0
4.538036613155327e-15,0.0,0.29999999999999094,0.29999999999999216,0.29999999999999194,0.09999999999999284,0.0,2.1413426587457707e-14,1.0963452368173421e-14
3.3868332355210417e-13,1.2983310573945593e-12,0.2999999999990633,4.648018081532257e-13,0.09999999999913045,0.2999999999991525,0.29999999999911714,8.177105770506931e-13,6.171630982919095e-13
0.0,0.10000000000000583,0.3,0.0,3.608224830031759e-16,0.3,0.3,0.0,0.0
0.0,0.0,0.3,0.0,0.3,0.3,0.09999999996098535,0.0,0.0
0.0,0.09999999999999888,0.2999999999999977,0.0,1.096345236817342e-15,0.29999999999999793,0.2999999999999987,5.467848396278896e-15,9.020562075079397e-16
0.0,0.10000000000000231,0.29999999999999716,0.0,0.0,0.29999999999999805,0.2999999999999994,4.0245584642661925e-15,9.020562075079397e-16
9.35943835772161e-13,6.760494941637774e-13,0.29999999999771193,1.0981688298790054e-12,0.2999999999986519,0.2999999999978887,0.09999999999952755,2.0664102421339248e-12,1.4433010529608303e-12
2.7755575615628914e-16,0.0,0.29999999999999505,0.0,0.09999999999999813,0.2999999999999954,0.2999999999999966,1.5015766408055242e-14,5.4539706084710815e-15
4.242477016433172e-13,0.0,0.2999999999988708,6.181598948437313e-13,0.29999999999956506,0.29999999999900956,0.09999999999996086,1.0138834496184826e-12,6.468600749717127e-13
0.0,0.0,0.2999999999999998,5.134781488891349e-16,0.0999999999999992,0.2999999999999999,0.2999999999999996,2.2620794126737565e-15,8.326672684688674e-17
4.4728740335503315e-14,0.0,0.2999999999998736,6.497418978822678e-14,0.10000000000014583,0.29999999999989896,0.3,1.0883499962991836e-13,6.346849705668283e-14
2.0449252995604882e-13,0.3,0.09999999999935691,3.5955724218024946e-13,2.116337571213649e-13,0.2999999999995286,0.29999999999956606,4.5398255845074594e-13,2.5999249356903643e-13
3.3306690738754696e-16,0.3,0.3,0.0,1.5265566588595902e-16,0.3,0.10000000000000056,0.0,3.3306690738754696e-16
3.502503082286605e-13,2.8576169208704982e-12,0.2999999999983499,5.211007678464596e-13,0.10000000000022355,0.299999999999207,0.29999999999730614,7.42388050995702e-13,4.420246741388191e-13
1.6046565181219578e-12,0.0,0.1000000000001733,1.698518931994528e-12,0.2999999999980483,0.2999999999967056,0.29999999999652605,3.0207248546958256e-12,2.266161782041251e-12
2.588138368136417e-12,1.8966054963911487e-11,0.09999999999226834,2.854811700028544e-12,0.29999999998600557,0.29999999999414323,0.299999999994555,5.105359455496842e-12,3.5134464227652654e-12
2.0954418755714244e-13,0.299999999999869,5.440266293010865e-14,7.224429388053011e-14,0.099999999999817,0.29999999999988464,0.2999999999998931,1.1738266608718462e-13,8.287988351174391e-14
0.10000000000003945,0.0,0.0,0.0,0.3,0.3,0.3,0.0,0.0
0.09999999999999992,2.7478019859472624e-15,1.1102230246251565e-16,0.0,0.3,0.3,0.3,0.0,0.0
0.10000000000000056,4.216809193491322e-13,3.724451302922205e-13,3.840512977082433e-13,0.29999999999904853,0.2999999999992485,0.29999999999920585,8.197774056806217e-13,4.986306506582494e-13
0.0999999999999982,0.0,0.0,5.689893001203927e-16,0.2999999999999964,0.29999999999999694,0.2999999999999971,1.3697376566312869e-14,5.245803791353865e-15
0.09999999999999999,0.0,6.938893903907228e-17,0.0,0.2999999999999993,0.2999999999999993,0.29999999999999916,3.927413949611491e-15,1.0269562977782698e-15
0.299999999998661,8.093855446977827e-13,8.407250590147797e-13,7.679915731140241e-13,0.299999999997969,0.0999999999995502,0.2999999999985736,1.715055181206182e-12,1.1129326626946323e-12
0.3,0.0,0.0,0.0,0.3,0.10000000000406772,0.2999999999973637,0.0,0.0
0.3,0.0,0.0,0.0,0.3,0.10000000000005696,0.3,0.0,0.0
0.29999999999999927,0.0,9.992007221626409e-16,4.163336342344337e-16,0.3,0.10000000000000145,0.3,0.0,0.0
0.0,0.0,0.3,0.100000000006011,0.3,2.6988897228186204e-12,0.3,0.0,0.0
4.182605650715487e-12,1.193663223819641e-12,0.29999999999759386,0.0999999999967609,0.2999999999975321,1.0828005159169152e-12,0.2999999999978204,2.107659533012729e-12,1.7260359808091152e-12
0.09999999999943789,1.185437165096559e-12,0.2999999999980737,1.1474710071013305e-12,0.29999999999733046,8.962657005451291e-13,0.29999999999773663,2.5165911021751697e-12,1.6755381804234304e-12
0.10000000000033912,0.0,0.3,0.0,0.3,0.0,0.3,0.0,0.0
0.10000000000009915,0.0,0.3,0.0,0.3,0.0,0.3,0.0,0.0
0.10000000000063114,0.0,0.3,0.0,0.3,0.0,0.3,0.0,0.0
0.10000000000046638,0.0,0.3,0.0,0.3,0.0,0.3,0.0,0.0
0.09999999999942359,1.3944678745048122e-12,0.29999999999687593,1.2171999519416943e-12,0.2999999999977322,1.3352652317166758e-12,0.29999999999726834,2.751063266082099e-12,2.0020755886474007e-12
0.09999999999949624,6.221308190834662e-13,0.2999999999986625,6.013869957577356e-13,0.29999999999929833,4.950068133169339e-13,0.2999999999988845,1.1456495474515549e-12,7.943611046723476e-13
0.10000000000126408,4.4272398247446887e-13,0.29999999999910604,4.471648745729695e-13,0.299999999997258,3.1546119882985835e-13,0.29999999999987037,7.582615091372702e-13,5.380643847141542e-13
0.09999999999980438,7.065476675949256e-13,0.2999999999981964,7.604299134822412e-13,0.2999999999985738,6.790488310537413e-13,0.2999999999984595,1.6441171341030625e-12,1.1759482276829658e-12
0.2999999999999936,1.6792123247455493e-15,0.29999999999999233,0.0,0.2999999999999888,0.0,0.09999999999999556,1.849909114781667e-14,1.2698175844150228e-14
0.29999999999999666,5.551115123125783e-15,0.29999999999999594,0.0,0.29999999999999594,0.0,0.09999999999999677,5.495603971894525e-15,5.023759186428833e-15
0.3,1.7486012637846216e-15,0.3,9.159339953157541e-16,0.3,2.9698465908722937e-15,0.10000000000000296,0.0,0.0
0.0,0.0,0.3,0.3,0.3,8.718425445362107e-09,0.10000004225400572,0.0,0.0
0.0,0.0,0.3,0.3,0.3,0.0,0.09999999994004174,0.0,0.0
6.933537267548792e-15,0.0,0.2999999999999624,0.2999999999999667,0.2999999999999746,4.369517370126055e-15,0.09999999999998216,6.280627407908593e-14,4.447150272391239e-14
0.0,0.0,0.3,0.3,0.3,0.0,0.1000000000020888,0.0,0.0
3.172983319650793e-10,3.0833072600865064e-11,0.2999999999439822,0.29999999990735315,0.2999999999233296,2.9691560034428516e-11,0.09999999977080856,3.908245264400042e-11,3.7621078774897315e-11
5.003913949863659e-13,2.4783647356585448e-12,0.2999999999955134,0.29999999999490506,0.29999999999533183,2.466589432703614e-12,0.10000000000114713,3.949420651627733e-12,3.707780610318068e-12
0.0,0.0,0.3,0.3,0.3,0.0,0.10000000000040925,0.0,0.0
0.0,1.6653345369377348e-15,0.2999999999999947,0.29999999999999416,0.2999999999999944,0.0,0.09999999999999584,1.5640266859406893e-14,7.632783294297951e-15
1.7763568394002505e-15,0.0,0.2999999999999998,0.3,0.3,2.7755575615628914e-17,0.09999999999999926,0.0,2.7755575615628914e-16
0.0,2.123301534595612e-15,0.3,0.29999999999999877,0.3,1.6653345369377348e-16,0.1000000000000003,0.0,0.0
1.0181107907105857e-12,6.573253442335017e-13,0.29999999999824484,0.29999999999810134,0.29999999999898813,6.228099902546211e-13,0.09999999999961642,1.463525127876101e-12,1.2874243157363583e-12
1.7129214713307306e-12,3.328171072070063e-12,0.29999999999272375,0.29999999999224564,0.10000000000157813,2.7592615692295652e-12,0.29999999999415755,6.4165131541393805e-12,5.078115011825091e-12
5.984795992119984e-13,1.4151353699976e-12,0.2999999999970723,0.29999999999657384,0.10000000000101493,1.2723988529472763e-12,0.29999999999733706,2.575363533541264e-12,2.140707749953563e-12
2.1375444947307203e-13,2.560201837114939e-14,0.29999999999985594,0.2999999999998597,0.09999999999991782,2.1382201564890124e-14,0.2999999999998881,1.2112575889055417e-13,9.651864970915783e-14
0.0,0.0,0.3,0.3,0.10000000001442752,0.0,0.3,0.0,0.0
0.09999999999921366,1.8922918787467324e-12,0.29999999999672217,0.2999999999973647,1.035324603826382e-12,1.4415760252184384e-12,0.29999999999699156,2.8423305376001906e-12,2.4965689238154454e-12
0.09999999999963585,4.915998164101154e-13,0.2999999999991151,0.2999999999990653,2.9962837766461803e-13,3.435515760763508e-13,0.2999999999997845,6.558156795399839e-13,6.08686712144646e-13
0.09999999999837883,1.1451742332191372e-12,0.29999999999788624,0.2999999999994567,7.312588035102152e-13,9.356612706845624e-13,0.29999999999848687,1.5993976976158564e-12,1.3798892584127032e-12
0.09999999999867865,1.7396986629059086e-12,0.29999999999697424,0.29999999999667826,1.1396231180960115e-12,1.3231707396421655e-12,0.29999999999887106,2.411702781923708e-12,2.1833923558034485e-12
0.10000000000101973,3.613880028563443e-13,0.29999999999922783,0.29999999999869326,2.8640284588377085e-13,3.533770498442834e-13,0.2999999999988674,6.084924231153366e-13,5.820136039780266e-13
3.4641178814354134e-11,2.0518274579384155e-12,0.2999999999956497,0.2999999999906366,1.3768448187123639e-12,0.09999999997338174,0.2999999999961946,3.245597367251829e-12,2.821744574110774e-12
0.09999999998977446,3.191683028980208e-12,0.29999999999324567,0.3,1.8994805728311803e-12,3.3566205370760827e-12,0.2999999999943902,4.591521607366644e-12,4.136690989753333e-12
0.2999999999995948,2.502785114144513e-13,0.2999999999996507,0.09999999999988997,1.215154190849468e-13,2.1014116639786373e-13,0.2999999999995843,3.8371696291379444e-13,3.1451318616584316e-13
0.3,1.9845236565174673e-15,0.3,0.10000000000000375,0.0,1.3739009929736312e-15,0.3,0.0,0.0
0.3,0.0,0.0,0.3,0.0,0.10000000000181491,0.3,0.0,0.0
0.3,0.0,0.0,0.3,0.0,0.09999999999755463,0.3,0.0,0.0
0.09999999999840627,2.4939286746850087e-12,0.2999999999954857,0.299999999993718,1.958828932391299e-12,2.4585437852220338e-12,0.29999999999720445,4.2056323701356035e-12,4.0686065627681955e-12
0.3,0.0,0.3,0.3,0.0,0.10000000000000943,2.914335439641036e-15,0.0,0.0
0.2999999999999827,3.126665593100597e-14,0.09999999999999179,0.2999999999999547,0.0,0.2999999999999883,0.0,3.0433988662537104e-14,3.12944115066216e-14
0.3,2.7478019859472624e-15,0.10000000000000914,0.3,1.6653345369377348e-16,0.3,1.5265566588595902e-15,0.0,0.0
0.2999999999999809,2.2593038551121936e-14,0.09999999999998878,0.2999999999999516,0.0,0.29999999999998916,0.0,3.708144902248023e-14,3.883005028626485e-14
0.29999999999996935,1.992850329202156e-14,0.09999999999998717,0.29999999999994115,0.0,0.29999999999997495,0.0,6.705747068735946e-14,5.6371574075342323e-14
0.2999999999999884,1.4904744105592727e-14,0.29999999999999055,0.29999999999997295,0.0,0.09999999999998962,0.0,2.5618396293225487e-14,2.914335439641036e-14
0.3,0.0,0.10000000000000511,0.3,9.159339953157541e-16,0.3,2.3314683517128287e-15,0.0,0.0
0.2999999999680437,7.21373655254709e-12,0.29999999999039567,0.2999999999848655,4.9942792956780835e-12,0.10000000002280907,4.588029609009503e-12,8.474132853764083e-12,8.615972518777326e-12
0.2999999999987584,6.15974882263726e-13,0.29999999999846433,0.2999999999980971,7.696409829413478e-13,5.494632526747978e-13,0.10000000000021611,1.4677940554128115e-12,1.061047321189784e-12
0.3,0.0,0.3,0.3,6.494804694057166e-15,0.10000000000001094,1.0130785099704553e-14,0.0,0.0
0.29999999999994853,8.04495359219004e-14,0.2999999999999591,0.29999999999982535,0.0,0.099999999999973,0.0,1.3201939541573893e-13,1.2222167722342192e-13
0.2999999999999738,5.079270337660091e-14,0.2999999999999745,0.2999999999998947,0.0,0.0999999999999892,0.0,6.639133687258436e-14,7.080447339546936e-14
1.833256929050227e-11,1.717085336841931e-11,0.2999999999673063,0.29999999995648624,1.7076140062716225e-11,0.09999999998820319,0.299999999991697,2.3151946187370546e-11,2.0575657345194808e-11
5.971460825815456e-11,9.975471837453398e-12,0.29999999998003746,0.29999999997202575,0.09999999992269466,1.2705697605142063e-11,0.3,1.706735187206876e-11,1.2460567300198733e-11
0.3,0.0,0.3,0.3,1.0061396160665481e-14,9.756084828893563e-15,0.1000000000000224,0.0,0.0
0.29999999999997173,8.003320228766597e-14,0.29999999999995464,0.2999999999998471,0.0,0.0,0.09999999999998332,9.252321131469898e-14,9.960088309668436e-14
0.0,0.0,0.3,0.3,0.10000000000427928,0.0,0.3,0.0,0.0
0.2999999999999717,4.27158308724529e-14,0.29999999999997284,0.29999999999991195,0.0,0.0,0.09999999999998631,6.319944567678704e-14,7.027711745877241e-14
0.3,0.0,0.3,0.3,0.0,0.10000000001031674,0.0,0.0,0.0
0.3,0.0,0.3,0.3,0.0,0.10000000001055734,0.0,0.0,0.0
0.29999999531144106,4.6830525568530845e-11,0.29999999991693965,0.2999999998912874,4.343994261524209e-11,0.1000000046338945,4.164235276049588e-11,6.415925082881024e-11,5.036536118718793e-11
0.3,0.0,0.3,0.3,0.0,0.10000000000512886,0.0,0.0,0.0
0.29999999916761083,0.0,0.3,0.3,0.0,0.10000000090001154,0.0,0.0,0.0
0.09999996862302594,0.0,0.3,0.3,0.3,0.0,0.0,0.0,0.0
0.0,0.0,0.3,0.3,0.3,0.099999999997538,0.0,0.0,0.0
7.81348669829261e-12,8.077653530981417e-12,0.2999999999869642,0.2999999999818646,0.2999999999977343,0.09999999999282635,7.359362546070166e-12,9.210716346702281e-12,8.14947573013407e-12
0.0,0.0,0.3,0.3,0.3,0.0,0.10000000012600359,0.0,0.0
0.0,0.0,0.3,0.3,0.0,0.3,0.09999999998164047,0.0,0.0
0.0,0.0,0.3,0.3,0.0,0.3,0.10000000002069222,0.0,0.0
0.09999999998083105,2.8864050038990285e-11,0.29999999997939986,0.2999999999387121,2.5671756387346534e-11,0.299999999961497,2.390865977419665e-11,3.031377232565191e-11,3.08017708561259e-11
0.0,0.0,0.3,0.3,0.09999997043587971,0.0,0.3,0.0,0.0
0.0,0.0,0.3,0.3,0.10000006317888753,0.0,0.3,0.0,0.0
3.7508164542973356e-10,6.899841138405064e-11,0.299999999893379,0.29999999984890013,0.29999999959359863,0.10000000001641549,5.990793580537778e-11,7.423750972044854e-11,6.948116852689764e-11
4.507892068430014e-10,4.1947852942548486e-10,0.29999999930398474,0.2999999990821161,0.29999998808982636,1.1431123186911307e-08,0.10000000037399219,4.3772321561489403e-10,4.1096643138614295e-10
7.73333493880009e-11,7.239025911874932e-11,0.2999999998806362,0.2999999998442755,0.29999999832769075,1.5882734710759294e-09,0.10000000006566195,7.414936422090054e-11,6.958924714995208e-11
0.2999999999999848,2.2898349882893854e-14,6.38378239159465e-16,0.29999999999996857,0.0999999999999826,0.2999999999999815,4.246603069191224e-15,2.917110997202599e-14,2.5590640717609858e-14
0.29999999997883037,1.5824643338278883e-11,0.09999999994882738,0.2999999999659533,6.507600014415971e-11,0.2999999999781159,1.2377495062958902e-11,1.9432280144418535e-11,1.5562672266884506e-11
0.2999999999985733,1.1431294499598408e-12,0.10000000000031029,0.29999999999757415,5.537237335317968e-13,0.29999999999838745,8.102112956622695e-13,1.5125895762740636e-12,1.1351396375363872e-12
0.2999999999947788,3.989248075121871e-12,0.09999999997372164,0.2999999999910032,2.988857772390219e-11,0.29999999999385085,3.0055444798863e-12,5.466282320338085e-12,4.295937157109762e-12
0.2999999999967537,2.386895820632481e-12,0.10000000000141733,0.2999999999944832,7.912420718625413e-13,0.29999999999618515,1.924389845476838e-12,3.3525713643625338e-12,2.705439352566481e-12
6.351121763284779e-10,2.65826303356209e-10,0.2999999999219584,0.2999999998636363,0.29999999135494526,2.5859838720810046e-08,0.09999998162855443,1.9792526494100575e-10,2.722032853894205e-10
2.561703452842875e-10,4.32899220496841e-11,0.2999999996298814,0.29999999989733755,0.29999999970975827,3.174066010025456e-10,0.10000000003642749,6.67946963003984e-11,4.2933740277857e-11
0.0,0.0,0.3,0.3,0.3,0.0,0.100000000000027,0.0,0.0
