Technology_XLK,Healthcare_XLV,Financials_XLF,Energy_XLE,Materials_XLB,ConsumerDiscretionary_XLY,Industrials_XLI,Utilities_XLU,ConsumerStaples_XLP
0.05943287360727567,0.1513399330570925,1.02196546319323e-14,0.18922719333562496,4.752586189149009e-15,6.419478681782342e-16,3.2423959554885162e-15,0.2999999999999921,0.29999999999999616
0.06061812428742293,0.1493193924111403,8.692482760601125e-15,0.19006248330150316,3.1803832349501436e-15,4.958329113534901e-16,2.5686716236626426e-15,0.2999999999999942,0.2999999999999963
7.022160630754115e-15,2.5146551507759796e-14,0.3,2.7755575615628914e-17,0.3,0.3,0.10000000000001767,0.0,0.0
0.0,0.0,0.2999999999999431,0.0,0.29999999999991367,0.29999999999991145,0.09999999999994166,1.9849399901517017e-13,1.718347686363586e-13
0.0,0.0,0.29999999999995786,1.9567680809018384e-15,0.2999999999999535,0.2999999999999575,0.09999999999996664,9.713063686689338e-14,9.356404540028507e-14
0.2999999999999708,0.0999999999999649,0.2999999999999655,1.7569279364693102e-14,0.0,0.2999999999999584,0.0,8.162914788556463e-14,5.762057497804562e-14
0.3,0.10000000000002501,0.3,0.0,0.0,0.3,4.0245584642661925e-15,0.0,0.0
0.29999999999996196,0.09999999999997378,0.2999999999999633,2.4674706722294104e-14,2.220446049250313e-16,0.2999999999999504,0.0,8.651412919391532e-14,5.2735593669694936e-14
0.3,0.10000000000004441,0.3,0.0,0.0,0.3,6.897260540483785e-15,0.0,0.0
0.3,0.10000000000002088,0.3,0.0,4.3021142204224816e-16,0.3,3.066991105526995e-15,0.0,0.0
2.3636158047743194e-15,0.274325763094145,0.0,0.12226249773037375,0.00341173917548792,0.0,0.0,0.3,0.3
9.421244418871742e-16,0.29888765682178187,2.751470718961163e-15,0.09806304768527122,0.0030492954929445424,4.571717986312024e-16,2.0868155494710832e-15,0.29999999999999916,0.2999999999999987
0.29999999999934857,0.2999999999998851,5.4123806131345376e-14,1.6753389828381916e-13,4.614426575964988e-14,0.29999999999980526,0.09999999999997584,3.4481941795641634e-13,3.726544181574434e-13
3.498561924300566e-15,0.26434702991095993,9.735680715489627e-17,0.13565297008904192,0.0,6.278006894400754e-17,1.660232723832696e-16,0.2999999999999999,0.2999999999999998
0.3,1.3128387266192476e-14,0.3,0.0,9.742207041085749e-15,0.3,0.10000000000000897,0.0,0.0
0.29999999998481114,0.10000000000570172,0.29999999999004734,7.168131579307786e-12,7.005386905774528e-12,0.29999999999033267,9.811040868612508e-13,7.0468397291555435e-12,6.905797841050508e-12
0.3,0.2999999999999874,0.0,3.219646771412954e-15,0.0,0.3,0.10000000000000268,0.0,0.0
0.3,0.2999999999941179,0.0,0.0,0.0,0.3,0.10000000021659672,0.0,0.0
2.1782443600846693e-15,0.197234649753619,0.06530564791553638,0.11450191044721549,0.11794439806457913,9.214399453123178e-20,2.2879260253512877e-15,0.20501339381905018,0.29999999999999666
0.2999999999326968,0.2999999999964119,2.7799121216508157e-11,3.4913524746336494e-11,2.71693751479556e-11,0.2999999999559562,0.09999999995845332,3.39768273906669e-11,3.2622859077508325e-11
0.3,0.3,0.0,0.0,0.0,0.3,0.10000000003127693,0.0,0.0
1.4355956874449823e-16,0.17014742928694737,0.2209585707314111,0.07491248233232337,0.18813251729655497,3.2266766718354044e-15,1.8164804743087127e-17,0.04584900035276336,0.3
0.2999999999981903,0.2999999999997513,7.729530521286697e-13,1.097454134754564e-12,6.283266715337317e-13,0.2999999999987875,0.09999999999876971,1.0542137744859452e-12,9.481955195255299e-13
1.793453838381121e-18,0.17521166517517409,0.12572063085255836,0.05901865141840625,0.14257792685570092,1.7348381887172316e-15,4.010503588154701e-18,0.19747112569815964,0.3
0.29999999999967875,5.430378369197797e-14,2.463307335887066e-14,6.451783551852941e-14,0.1000000000000167,0.2999999999998701,0.2999999999999929,1.0987044607446705e-13,1.8800239143246245e-13
1.0253577907454193e-15,0.14848270624954762,0.24261394305380848,0.0751166925474611,0.14663487300330738,3.6854711781463453e-16,1.0429623335149497e-15,0.08715178514587563,0.2999999999999986
0.3,0.0,0.0,0.0,0.09999999999998421,0.3,0.3,0.0,0.0
0.299999999943641,2.0536321833911992e-11,2.2229193720437442e-11,3.509110743365549e-11,0.3,0.29999999995929644,0.0999999999096928,3.5118704009507425e-11,2.823967980747642e-11
0.2999999999619725,1.3805174232525462e-11,1.5222578944803274e-11,2.365398599269368e-11,0.3,0.2999999999717167,0.09999999991782237,2.4210471777325862e-11,1.916903725884481e-11
0.29999999999995747,1.3405943022348765e-14,6.38378239159465e-15,2.3037127760972e-15,0.2999999999999988,0.29999999999997284,0.09999999999999819,1.3905543383430086e-14,3.652633751016765e-14
2.094905929518529e-20,0.18550237480484494,0.25277633841745845,0.10418626233172555,0.14384902792578594,2.404225136526423e-16,4.205478107461726e-16,0.013685996520182986,0.3
9.58923333370551e-16,0.1594665921618371,0.16944827322030095,0.14801884864674608,0.18870576087300628,8.447091091550979e-17,3.713941440816688e-17,0.0343605250981101,0.29999999999999855
9.446157880364052e-16,0.1433505956771982,0.16597359440731604,0.18416728644602157,0.15746330340926695,9.829162280609594e-17,8.2787827557609365e-16,0.049045220060198055,0.299999999999999
0.3,0.0,0.0,0.0,0.3,0.3,0.09999999999999551,0.0,0.0
0.3,0.0,0.09999999998166233,0.0,0.3,0.3,0.0,0.0,0.0
9.479261008297076e-16,0.3,4.785902816770739e-18,0.2063221300648418,0.17460468083760275,1.2583587562047929e-17,0.09856901983317018,3.440498195820553e-16,0.22050416926438482
9.587029911878307e-17,0.2999999999999997,2.38171146181967e-16,0.17458795402961333,0.18385128783086443,2.0734295244500051e-16,0.13597663440297697,3.275987688529044e-16,0.20558412373654536
0.0,0.2999999999999999,2.1663331565055421e-16,0.16133263204813655,0.17750460862293838,1.410196640975987e-16,0.11830776145081394,7.591868484360187e-17,0.2428549978781113
0.2999999999773292,1.1641488171874548e-11,0.10000000000698323,1.2874067781371856e-11,3.7073538683429774e-12,0.29999999998430926,9.54776293344561e-12,0.29999999998412413,9.483568650512166e-12
0.2999999999980727,9.250807461116299e-13,0.10000000000068783,8.954781360870356e-13,6.435268984361642e-13,0.2999999999985894,7.862953764526556e-13,0.29999999999851895,8.806719675221996e-13
0.29999999998557686,6.932429732939357e-12,0.10000000000449016,9.07883385098421e-12,2.17849349670729e-12,0.29999999998956833,5.786213736221477e-12,0.2999999999899479,6.4408389789722324e-12
0.2999999999882989,5.520793906794404e-12,0.10000000000390434,7.274612845943953e-12,1.9625967517811205e-12,0.29999999999151994,4.622341058389693e-12,0.2999999999918005,5.095882941622368e-12
0.0,0.29999999999999977,1.0860861184566131e-15,0.22174220510461837,1.3643358721080054e-16,5.161657313358298e-16,0.3,2.348932376181464e-18,0.1782577948953813
0.29999999994608884,2.6318615288543133e-11,0.10000000002023571,3.584641680545136e-11,0.29999999995603754,0.2999999999559296,1.850519743655813e-11,1.2765552503957167e-11,2.8272521007984352e-11
0.3,0.0,0.10000000000000162,0.0,0.3,0.3,6.938893903907228e-17,9.020562075079397e-16,0.0
0.3,0.0,0.1000000000000053,0.0,0.3,0.3,1.2490009027033011e-15,0.0,0.0
0.3,0.0,0.10000000000000939,0.0,0.3,0.3,0.0,0.0,0.0
1.7267552748648712e-17,0.06531008552931074,0.2142978642040629,0.23205622566860812,1.781415296103385e-16,2.484303616509122e-17,0.14539714211539853,0.14081789114853813,0.20212079133408142
0.3,0.0,0.0,0.0,0.29999999999999977,0.29999999999999877,0.10000000000000328,8.326672684688674e-16,2.248201624865942e-15
6.858148816705601e-17,0.11017336203325782,0.29999999999999993,0.2721013419642855,9.879159079901733e-17,3.7783480135133115e-17,0.05277022618509437,0.07879448273734262,0.18616058708002023
0.2999999999999867,2.3828161666017422e-14,0.0,4.288236432614667e-15,0.29999999999999183,0.2999999999999897,0.09999999999999751,0.0,8.756884106730922e-15
0.3,0.0,7.216449660063518e-16,1.8041124150158794e-15,0.3,0.3,0.09999999999999663,3.0531133177191805e-16,0.0
0.3,0.0,9.71445146547012e-17,0.0,0.3,0.3,0.10000000000000034,0.0,0.0
7.530217993487444e-16,0.0241936020961823,0.17964201005566433,0.1445177566258701,2.1917637993401035e-17,3.1111807237482527e-18,0.24840317032875459,0.16443390769262697,0.2388095532009016
3.031873282471902e-17,1.2152993049323345e-17,0.15436123215785413,0.10804351973728699,7.084435205039823e-18,1.7947703827843313e-17,0.260039407168934,0.2865804520292553,0.1909753889066794
3.2437556256629682e-15,2.4367600213281532e-15,0.18764648742273618,0.10471094354113347,9.838360459461834e-16,1.0342881840891223e-15,0.24216473518405593,0.2879108632578279,0.17756697059423895
0.2999999999921606,6.266494584550568e-12,4.2025660405256135e-12,1.963221252232472e-12,0.2999999999893599,0.2999999999915081,0.1000000000029372,6.692531800646324e-12,4.9094123754401255e-12
0.3,9.159339953157541e-16,8.881784197001252e-16,0.0,0.3,0.3,0.0999999999999962,0.0,4.996003610813204e-16
0.29999999999999594,3.927413949611491e-15,0.0,4.85722573273506e-16,0.2999999999999956,0.29999999999999793,0.09999999999999987,3.982925100842749e-15,3.066991105526995e-15
1.3856689233537897e-18,3.765758189939373e-19,0.15406697472175496,0.13065570813118346,8.819594380077964e-18,3.561359071918738e-17,0.2324524478308799,0.3,0.18282486931618305
0.3,0.0,0.0,0.0,0.3,0.3,0.09999999999737147,0.0,0.0
0.0,1.505136713908206e-16,0.199091499732285,0.12791801277580253,3.572577097817822e-17,2.2220926467444065e-16,0.20683891821388276,0.2999999999999995,0.16615156927803248
0.29999999999929,5.508839495648457e-13,2.7146480830444955e-13,4.24091317619002e-13,0.29999999999912974,0.29999999999929156,0.1000000000001056,5.582471085230781e-13,3.7838032325499554e-13
0.2999999999999895,8.534839501805891e-15,0.0,1.096345236817342e-15,0.2999999999999918,0.29999999999999577,0.09999999999999942,6.369904603786836e-15,8.118505867571457e-15
9.10886239833769e-16,2.5704495332144937e-16,0.23363347035612783,0.13608091904952502,1.0268230808850012e-18,2.3849532740294386e-16,0.16269099671320247,0.3,0.1675946138811432
0.3,0.0,0.0,1.887379141862766e-15,0.3,0.3,0.10000000000000021,0.0,0.0
4.561950601346903e-15,7.0092266070180525e-15,0.29999999999999616,0.11526588258991814,0.03251219720074672,1.2503996609937814e-15,0.12751990924441214,0.2999999999999969,0.12470201096491737
1.1469763531773986e-16,1.555300724498181e-16,0.21783336484921237,0.13113912063100758,0.0022413559919800216,2.3683698098406276e-17,0.18296409116127177,0.29999999999999993,0.16582206736652857
0.0,0.0,5.48172618408671e-16,0.09999999999999881,8.243298414067681e-16,0.0,0.3,0.3,0.3
0.0,0.0,3.599551212651875e-17,0.10000000000000005,0.0,0.0,0.3,0.3,0.3
0.29999999998934884,7.252771125676829e-12,5.227759974709267e-12,2.7245566913691732e-12,0.29999999998839894,0.29999999998988974,0.10000000000327702,8.733501695793945e-12,5.146707668432757e-12
7.200190921417406e-16,1.2266216401767544e-15,0.0,0.10950970514910309,1.7817150491463884e-15,9.500284158678719e-16,0.29049029485089617,0.2999999999999985,0.29999999999999755
0.29999999998645255,3.6237102786898595e-12,0.0,1.2949003148559167e-11,0.2999999999938904,0.29999999999473914,0.10000000003684878,4.439856675670062e-12,2.723279565281914e-12
3.119775935901383e-17,1.0812568418152703e-16,4.890304428542839e-16,0.1369638774053565,2.871449694478751e-17,4.077648928844256e-17,0.28613765496763616,0.29999999999999993,0.2768984676270091
1.5315381702824704e-16,4.352566089865679e-16,0.032124701972898184,0.07074869087484785,2.0803627722487244e-16,2.683035658419394e-17,0.2999999999999998,0.2999999999999998,0.29712660715225525
0.3,0.0,0.3,0.0,0.1000000000000008,0.29999999999999993,1.6653345369377348e-16,0.0,0.0
0.3,0.0,0.3,0.0,0.0,0.3,0.09999999999302824,0.0,0.0
6.860068796637103e-16,2.5497544696819636e-16,1.3479694047631272e-15,0.13322858647982702,0.03220772064042608,2.2381236209694424e-16,0.2999999999999987,0.23456369287975115,0.2999999999999996
4.013131933923902e-15,1.6266685609147435e-15,0.0,0.13387886288514325,0.024244324667454232,0.0,0.2999999999999992,0.2418768124474015,0.29999999999999816
0.29999999998873933,8.3800744734957e-12,0.29999999998462057,1.1288312245875922e-11,5.668659985857971e-13,0.2999999999866486,0.10000000000465618,8.443899749685002e-12,6.65613218542167e-12
0.299999999999991,8.021361352916756e-15,0.2999999999999901,1.021405182655144e-14,0.0,0.29999999999999294,0.09999999999999439,6.966649479522857e-15,8.93729534823251e-15
0.3,0.0,0.3,0.0,9.71445146547012e-17,0.3,0.09999999999999898,0.0,0.0
0.10000000000000232,0.0,0.3,0.0,0.0,0.3,0.3,0.0,0.0
1.4945858367924633e-18,0.299999999999999,2.411033725501325e-16,0.05471751178955968,2.7733166090305653e-19,1.692485291979084e-17,0.04528248821044105,0.2999999999999997,0.3
3.367196056604976e-16,0.3,0.0,0.0870552861406602,0.0,0.0,0.012944713859338965,0.2999999999999998,0.3
6.158848431248032e-11,1.6733385510558918e-11,0.2999999999643862,2.253708678012778e-11,0.29999999992101367,0.2999999999724373,0.10000000000421011,2.265459694839045e-11,1.443912350795884e-11
7.049916206369744e-15,0.0,0.3,0.0,0.1000000000000086,0.3,0.3,0.0,0.0
2.7727820040013285e-14,1.160460616489445e-13,0.299999999999689,7.43016759230386e-14,0.09999999999996903,0.2999999999998454,0.2999999999999336,1.7685852782278744e-13,1.6797674362578618e-13
0.0,0.3,0.0,0.10000000000010173,0.0,0.0,0.0,0.3,0.3
1.1610860281430837e-11,1.6417684461035972e-11,0.2999999999656521,2.1051954432785738e-11,0.1000000000324261,0.2999999999760193,0.29999999994632914,1.9601543139568396e-11,1.0891264563216663e-11
0.0,0.0,0.3,0.0,0.3,0.3,0.10000000000006107,0.0,0.0
6.028060861858787e-12,8.4169386092002e-12,0.2999999999831991,1.021004349662225e-11,0.2999999999887891,0.2999999999876496,0.09999999999875374,1.1599834126640644e-11,5.353466184880165e-12
3.029521078445896e-14,3.773648060700907e-13,0.2999999999992242,1.6110723866091803e-13,0.2999999999997728,0.2999999999996755,0.09999999999980766,5.105776912373017e-13,4.4039771829318397e-13
2.1191381982532675e-14,9.087175456556906e-14,0.2999999999997549,3.914923940584458e-14,0.2999999999999321,0.2999999999998988,0.09999999999994882,1.663530424522719e-13,1.4768741785076145e-13
0.07658182058013215,0.29999999999997484,7.563819362510493e-16,0.023418179419879344,2.4014182178822547e-14,1.837367026358622e-14,3.3381668244374197e-15,0.29999999999998955,0.2999999999999995
0.069408272847662,0.2999999999999986,1.6287753101079184e-14,0.030591727152341024,1.3211502921096522e-15,1.2430270342587926e-15,2.517310628533827e-16,0.2999999999999994,0.2999999999999902
2.0969337377607644e-14,8.060219158778636e-14,0.29999999999976723,5.1306181525490047e-14,0.2999999999999241,0.29999999999990057,0.09999999999992612,1.8494927811474327e-13,1.440791930207297e-13
2.933764342571976e-14,6.714073741420634e-14,0.2999999999997711,4.030109579389318e-14,0.29999999999993643,0.29999999999991156,0.09999999999994376,1.6395218516152e-13,1.3639089857520048e-13
1.0241807402167069e-14,5.1264548162066603e-14,0.29999999999988713,1.2434497875801753e-14,0.29999999999996585,0.29999999999995475,0.09999999999998206,6.858402734621905e-14,6.766809335090329e-14
0.0,0.0,0.3,0.0,0.3,0.3,0.10000000000026153,0.0,0.0
0.0,1.9761969838327786e-14,0.3,0.0,0.3,0.3,0.10000000000001405,0.0,0.0
0.0,0.0,0.3,0.0,0.10000000001942091,0.3,0.3,0.0,0.0
0.0,0.0,0.3,0.0,0.1000000000011331,0.3,0.3,0.0,0.0
2.161540291662706e-12,2.7249469213495024e-12,0.299999999994103,3.375256423293472e-12,0.09999999999972498,0.29999999999584687,0.2999999999970959,3.2511174268526686e-12,1.7163583268033341e-12
4.0476036302505906e-11,4.554263517565642e-11,0.29999999990090975,5.315761176114734e-11,0.10000000009562558,0.2999999999276461,0.29999999984166426,6.188451435427833e-11,3.3093643201491047e-11
0.0,0.0,0.3,0.0,0.09999999975901669,0.3,0.3,0.0,0.0
5.995204332975845e-15,1.3325451853063441e-13,0.2999999999997049,5.066780328633058e-14,0.09999999999993217,0.29999999999986837,0.2999999999999093,2.1140034167643762e-13,1.8385293287792592e-13
0.06246135752583427,0.2999999999999753,5.017382990046457e-17,0.037538642474137504,1.4577361145700128e-17,3.697745206480763e-14,1.4664527409901003e-17,0.3,0.2999999999999999
0.06931514934542121,0.29999999999999344,4.1396815156748405e-15,0.030684850654572434,1.99224812588412e-16,3.688813113885275e-15,1.0828443824185107e-15,0.2999999999999978,0.29999999999999155
0.0838862557457741,0.2999999999999791,1.055737915117002e-14,0.016113744254209132,1.0238970044912373e-15,1.7068188793997114e-14,4.406001511632599e-15,0.29999999999999477,0.29999999999996374
0.0,0.0,0.3,0.0,0.1000000000002373,0.3,0.3,0.0,0.0
0.0,0.0,0.3,0.0,0.10000000000022155,0.3,0.3,0.0,0.0
0.09999999999999425,0.3,0.0,1.5404344466674047e-15,1.1393663790215669e-14,7.396860901565105e-15,6.050715484207103e-15,0.29999999999998944,0.29999999999997706
0.09999999999998575,0.29999999999968,7.415873470861811e-13,0.0,2.4552582189585337e-13,1.535993554568904e-13,2.2286339440569236e-13,0.29999999999953164,0.29999999999944377
0.10000000000000256,0.2999999999999889,2.6367796834847468e-14,3.552713678800501e-15,9.908740494779522e-15,5.9119376061289586e-15,7.244205235679146e-15,0.2999999999999835,0.299999999999972
0.10000000000000926,0.3,0.0,0.0,0.0,0.0,0.0,0.3,0.3
0.09999999999998542,0.3,0.0,0.0,0.0,0.0,0.0,0.3,0.3
3.43867464333816e-11,4.279643657601017e-11,0.29999999991730336,3.057449947334176e-11,0.2999999999551425,0.2999999999462391,0.0999999999930924,5.0285343685143195e-11,3.0179618041542e-11
0.10000000000003768,0.3,0.0,0.0,0.0,0.0,0.0,0.3,0.3
0.18726666647773982,0.21273333352226215,9.649028150313807e-15,1.5954389317471208e-14,1.524027915823064e-15,1.503056553243863e-14,2.615745703402615e-15,0.2999999999999971,0.2999999999999952
0.2530344037473506,0.14696559625265818,5.058808084343428e-14,5.706221085921559e-16,1.5785878278995466e-14,1.6401012492561765e-15,2.4220037081101783e-14,0.2999999999999858,0.2999999999999558
0.23118594560671343,0.16881405439329641,3.4025124954079747e-18,3.2897510490075264e-16,1.5587438291521853e-18,2.357546941441196e-14,2.09778280108252e-18,0.3,0.3
0.23086785559304795,0.12261334608379458,3.232404080384942e-15,8.842731584526584e-16,5.638310996552736e-15,0.04651879832315423,6.278824753589904e-15,0.299999999999999,0.29999999999999216
5.492509771770803e-15,0.29630963970307994,2.5196157758410674e-15,1.5372507052063997e-15,1.7745232019675898e-14,0.10369036029691617,2.0167949156016252e-15,0.2999999999999911,0.29999999999999455
1.9914625504213745e-14,9.499345754448996e-14,0.29999999999990823,0.09999999999994277,0.2999999999999056,0.0,0.299999999999939,1.251776460264864e-13,1.0651202142497596e-13
2.5545085346783625e-15,0.23156021440989613,7.64549503832318e-19,4.657620581232948e-17,2.6301465443136032e-15,0.16843978559009964,2.299305492223655e-15,0.3,0.2999999999999967
0.0,0.3,0.0,0.0,0.0,0.09999999999999867,0.0,0.3,0.3
5.717648576819556e-15,1.6160683902199935e-13,0.29999999999982163,0.29999999999984706,0.2999999999997866,0.0,0.09999999999988278,3.2324143361961433e-13,2.663841369709985e-13
0.0,0.0,0.3,0.3,0.3,1.6764367671839864e-14,0.1000000000000175,0.0,0.0
9.71445146547012e-15,0.0,0.3,0.3,0.3,6.716849298982197e-15,0.10000000000001967,0.0,0.0
0.0,0.0,0.3,0.3,0.3,1.6153745008296028e-14,0.10000000000001756,0.0,0.0
2.2193970869889774e-15,0.23465302989080278,7.553965524910056e-17,1.332299927954084e-18,3.8435794821327775e-16,0.1653469701091949,7.762433464191439e-16,0.2999999999999997,0.2999999999999999
8.631984016460592e-15,0.29999999999996674,2.556288514199423e-14,2.6451063561694355e-14,2.556288514199423e-14,0.09999999999999122,9.797718192317006e-15,0.2999999999999756,0.2999999999999703
0.0,0.3,0.0,0.0,0.0,0.09999999999999826,0.0,0.3,0.3
1.890154699424329e-14,1.0361156377314273e-13,0.29999999999989024,0.29999999999989213,0.2999999999999,0.0,0.09999999999992205,1.83547621546154e-13,1.38222766565832e-13
1.9789725413943415e-14,7.452372052796363e-14,0.2999999999999091,0.2999999999999119,0.29999999999991445,0.0,0.09999999999994004,1.438016372645734e-13,1.2423395645555502e-13
1.9192980538207394e-14,1.3988810110276972e-14,0.2999999999999515,0.2999999999999454,0.29999999999995963,0.0,0.0999999999999723,8.680556273787943e-14,7.080447339546936e-14
0.0,0.0,0.3,0.3,0.3,3.352873534367973e-14,0.10000000000003738,0.0,0.0
0.03936111975010207,0.29999999999999954,1.799018048419609e-16,1.7220279255169406e-16,5.124655963106049e-15,0.06063888024989417,1.0274263393032667e-15,0.2999999999999971,0.29999999999999993
4.538036613155327e-15,1.2101430968414206e-14,0.2999999999999754,0.2999999999999773,0.2999999999999764,0.0,0.0999999999999984,3.251565683370927e-14,2.983724378680108e-14
2.4077961846558082e-14,3.11972669919669e-14,0.29999999999990123,0.299999999999912,0.29999999999993554,0.0,0.09999999999996287,1.546401895424765e-13,1.0577649867116179e-13
2.6006974351844292e-14,2.500777362968165e-14,0.29999999999992044,0.299999999999933,0.29999999999994753,0.0,0.09999999999996913,1.2226331058684536e-13,8.137934770502397e-14
6.433742427702782e-14,4.503342143635791e-14,0.2999999999998296,0.2999999999998648,0.2999999999998892,0.0,0.09999999999994451,2.3842039453825237e-13,1.7623402737143579e-13
0.06544629384268026,0.07779192019158719,1.3051002561809252e-17,9.006955559235694e-16,1.2466315706359684e-17,0.2567617859657332,2.133031221405603e-16,0.2999999999999995,0.3
0.18017752701782058,0.10730381772817676,1.630287546095179e-15,1.0185722112188028e-15,1.1634086692222366e-19,0.11251865525400219,5.701219537804648e-16,0.2999999999999993,0.3
0.1987301327980448,0.07424482241578569,2.0086042978593087e-15,1.4925846924042234e-16,1.5173919607059543e-16,0.12702504478616852,3.375462013752654e-16,0.29999999999999966,0.3
0.1979668239291084,0.20203317607089363,2.9254154466657254e-16,3.037169532609454e-17,2.0882606038654194e-17,7.469547544595538e-17,1.5983225391123786e-16,0.29999999999999966,0.29999999999999977
3.0441242071010016e-12,3.35973334239423e-12,0.2999999999939871,0.29999999999387783,0.29999999999375965,1.5919904283734354e-13,0.10000000000130797,5.636403540587463e-12,4.868087374534414e-12
8.861000135360312e-13,1.0589790491209504e-12,0.2999999999980462,0.299999999998089,0.2999999999980853,4.474698389600462e-12,0.0999999999960338,1.7952642516992626e-12,1.5306399372510332e-12
0.0,0.0,0.3,0.3,0.3,0.0,0.09999999999962508,0.0,0.0
0.25122158226553626,0.14877841773446546,0.0,3.7548123176216036e-16,3.045659964997278e-17,1.439007446802397e-16,0.0,0.3,0.29999999999999966
0.24287429542003341,0.15712570457996702,2.427332862961861e-16,7.225379221622414e-16,2.766947875774314e-16,1.3732210786565432e-17,4.9972294828925696e-17,0.29999999999999977,0.29999999999999993
0.0,0.0,0.3,0.3,0.3,0.10000000000005001,3.524958103184872e-14,0.0,0.0
0.0,0.0,0.3,0.3,0.3,0.1000000000000128,4.912736883966318e-15,0.0,0.0
0.0,0.0,0.3,0.3,0.3,0.0999999999295294,0.0,0.0,0.0
1.1606072345677023e-11,8.859757056453362e-11,0.2999999999740365,0.0,0.10000000016756695,0.2999999999771259,0.29999999997651466,2.0988665958046358e-11,1.5644033247106688e-11
0.14515576130430316,0.20359233010239827,0.0,3.812062721649446e-17,0.16188446505141443,3.8231492292310337e-16,7.73230167919093e-17,0.29999999999999993,0.18936744354188448
0.17042126716834427,0.08913272596234255,6.406113012155241e-16,9.56738329484598e-17,0.21283710159393468,2.9533678097088887e-17,4.138491523100111e-17,0.29999999999999993,0.22760890527537814
3.982925100842749e-15,5.384581669432009e-15,0.29999999999997484,0.1000000000000003,2.525757381022231e-15,0.29999999999998955,0.2999999999999991,1.6389667401028873e-14,7.827072323607354e-15
9.17036983928608e-13,8.309637700154582e-13,0.2999999999977213,1.0339598916248691e-12,0.1000000000001855,0.2999999999980116,0.29999999999803334,1.970052960396162e-12,1.2963526653419863e-12
2.9976021664879227e-15,0.0,0.29999999999999105,0.0,0.10000000000000214,0.29999999999999466,0.29999999999999827,1.214306433183765e-14,4.579669976578771e-15
1.9637101975857417e-12,2.6868810520849662e-12,0.2999999999949536,1.565764878863618e-12,0.10000000000025658,0.29999999999557786,0.29999999999562393,4.448548292595885e-12,2.9232223341479643e-12
0.19565783539760107,0.21047284647752643,7.115472420878825e-17,0.03163227712416693,0.2110763329842084,0.02180734091066482,3.744163619040082e-17,0.29999999999999993,0.029353367105832633
7.077671781985373e-16,0.0,0.2999999999999996,3.885780586188048e-16,0.10000000000000113,0.2999999999999974,0.29999999999999927,3.58046925441613e-15,5.689893001203927e-16
1.2246588016572065e-12,2.1500856650646938e-13,0.2999999999973211,1.3200569765036867e-12,0.10000000000103615,0.29999999999746924,0.2999999999975514,2.343720398491613e-12,1.5188363086836174e-12
1.429412144204889e-15,0.09999999999999842,0.29999999999999727,8.881784197001252e-16,1.0547118733938987e-15,0.29999999999999827,0.3,4.3021142204224816e-16,1.1934897514720433e-15
0.0,0.10000000000000282,0.3,0.0,0.0,0.2999999999999989,0.3,0.0,0.0
9.246767807297381e-17,6.115387261254757e-18,2.6114881942257713e-18,8.502354473389181e-19,0.21587540006920453,0.24992507363674027,9.803840599146322e-17,0.2999999999999999,0.2341995262940553
1.0589341456037324e-16,5.707254043270125e-17,0.005472451508890226,0.0,0.23424373525871367,0.23461280956028238,3.661557712315767e-17,0.29999999999999993,0.22567100367211387
0.00035247964848989606,0.05805583408048654,1.477035465058626e-17,2.315830366413468e-17,0.1515762744262796,0.19001541184474402,7.06253377193106e-17,0.3,0.3
0.1000000000000001,0.0,0.29999999999999793,2.609024107869118e-15,6.522560269672795e-16,0.29999999999999605,0.29999999999999893,4.8433479449272454e-15,1.1657341758564144e-15
0.0,0.0,0.3,0.0,0.3,0.3,0.09999999987770011,0.0,0.0
7.2687643066930556e-09,0.0,0.3,0.0,0.2999999026126615,0.3,0.10000009082913706,0.0,0.0
1.1824539755416205e-12,1.2406837426724374e-12,0.2999999999989141,1.0936445764449038e-12,0.29999999999807847,0.2999999999977486,0.09999999999826167,2.006356561120118e-12,1.473873826321893e-12
9.43689570931383e-16,9.853229343548264e-16,0.10000000000000306,0.0,0.3,0.3,0.3,0.0,0.0
0.0,0.0,0.2999999999755278,0.0,0.3,0.3,0.10000000002745746,0.0,0.0
0.0,0.0,0.3,0.0,0.3,0.3,0.0999999998940015,0.0,0.0
0.0,3.405081057222423e-11,0.2999999998353387,3.249890890734642e-11,0.299999999929384,0.2999999999362097,0.10000000025914643,5.6244715516657733e-11,4.1875033010830363e-11
3.3831177543036905e-20,6.136498407793463e-19,0.10085538123354487,0.07358870050695025,0.1585509958015932,0.06702112158413431,5.93698559596276e-17,0.29998380087377763,0.2999999999999999
3.4330597289324276e-16,4.747279899241326e-16,0.19460521562000624,0.09138087274571152,0.10733005222368593,0.0066838594105959916,1.323646684030955e-16,0.29999999999999993,0.29999999999999954
8.327314790561896e-12,8.461294369086611e-12,0.2999999999831881,5.6027166334494196e-12,0.29999999998409616,0.2999999999870551,0.0999999999986,1.4320481177360657e-11,1.0348735656146518e-11
3.495825248496347e-17,2.21304696479378e-17,0.15682041657549475,0.10319804598602186,0.0949585664871472,0.04502297095133648,2.557381603160263e-18,0.3,0.3
3.5756065426986395e-12,3.3001965299021805e-12,0.299999999992942,2.3694753844111697e-12,0.2999999999929788,0.09999999999715817,0.29999999999662297,6.41125657565661e-12,4.641508446092717e-12
0.0,0.0,0.3,0.0,0.3,0.10000000000695336,0.3,0.0,0.0
2.0107766503557614e-15,4.1189949972291e-15,0.0005683191888242776,0.08003758874476437,0.14624336881012712,0.20854590116299615,1.373674100226373e-15,0.26460482209328073,0.2999999999999997
0.0,0.0,0.3,0.0,0.3,0.10000000000745335,0.3,0.0,0.0
3.287939985770059e-11,3.169606435531654e-11,0.2999999999366461,2.0741501254956424e-11,0.299999999964086,0.0999999999776469,0.299999999946768,5.041106912299563e-11,3.912492506360637e-11
7.105911208996425e-16,9.474927251418333e-16,0.06611208337872827,0.05944221736990063,0.17586800951259784,0.1784355405488663,2.394687668229815e-16,0.2505978741489628,0.2695442750409423
0.0,0.0,0.3,0.09999999994337531,0.3,4.999249625381452e-11,0.3,0.0,0.0
1.7759606531397705e-16,1.935285906357291e-16,0.10604487784013433,0.03354215261273561,0.16889047498153864,0.14999798336435716,0.0,0.29980478427366164,0.2417197269275747
6.021660305490287e-16,3.8900354660641485e-17,0.05340468096184987,0.12046265040753752,0.13661333391237207,0.2329518306781368,8.242073989563685e-17,0.2998236030876173,0.15674390095248575
1.5539826562968362e-15,1.9497389899313653e-15,0.06989928512259991,0.09602100683542597,0.05466197123729355,0.2512261334613429,0.06969986654301143,0.2999999999999989,0.15849173680032388
2.6939594065605372e-11,2.4225882474017677e-11,0.29999999995282217,0.29999999968514324,0.29999999995416726,9.127748928979498e-11,0.1000000001968692,3.7777386198490674e-11,3.077774992754946e-11
5.460715206310723e-16,4.88843437446973e-16,0.0343644969941168,0.08992849354098736,0.07208502543118754,0.24158793184390354,0.11151161155729714,0.27536719219877615,0.17515524843373165
1.3902017334023176e-11,1.2917863040779959e-11,0.2999999999757635,0.2999999997967546,0.29999999997662263,6.032938404964735e-11,0.10000000012885138,1.92403675054418e-11,1.5618194548910823e-11
1.8669217526999802e-12,2.2307969499881367e-12,0.2999999999960936,0.29999999999835264,0.2999999999970412,1.5692966161497384e-12,0.09999999999676945,3.434734466688084e-12,2.6414459570522567e-12
0.0,0.0,0.3,0.3,0.3,0.0,0.10000000000878811,0.0,0.0
3.759270384086922e-17,8.841110491073258e-17,3.1868965584409276e-07,1.6447547984976086e-16,0.054301111298122116,0.28523788357918867,0.2534514318865231,0.29999999999999993,0.10700925454651057
1.7293243351071518e-16,5.833819161603876e-16,1.646021818180105e-16,0.009828394137934841,0.026098331863106807,0.2574658063241247,0.2999999999999997,0.29999999999999966,0.10660746767483328
1.949253171527269e-12,1.918662812149571e-12,0.29999999999598326,0.2999999999955043,0.29999999999765964,3.1941116418465754e-13,0.09999999999961089,4.112786862630503e-12,2.9418497553877592e-12
0.0,0.0,0.3,0.3,0.3,0.0,0.1000000000028764,0.0,0.0
4.908751467665762e-12,4.668278453234037e-12,0.2999999999898917,0.2999999999893361,0.29999999999460747,3.1872848913745052e-12,0.09999999999641795,1.004134988036867e-11,6.941046351474024e-12
0.020712794025175542,9.206771665298923e-17,0.030355278934165533,0.012154569026861366,3.544246502304345e-16,0.2533834666873934,0.22291992831237137,0.29999999999999943,0.1604739630140329
0.07373142413090611,1.5696495086261276e-16,0.05720044769047447,0.07263740567780821,0.13778102974990886,0.08418942237258183,0.014780780849109517,0.29999999999999993,0.2596794895292109
0.09794512468399923,8.345242474111307e-17,0.0682072580910296,0.09180726507753074,0.11641051350108435,0.07251600711851618,0.0013835754024072368,0.2999999999999999,0.25173025612543276
0.014974967609034747,4.220458399751095e-17,0.02353012999692887,0.0486605486124074,0.20616238600695128,0.198871835982926,2.703561285166847e-16,0.29999999999999993,0.20780013179175208
0.0,0.0,0.3,0.3,0.10000000011112835,9.379099580320016e-11,0.3,0.0,0.0
2.4841240175987878e-15,0.0,0.2999999999999905,0.29999999999999705,3.1363800445660672e-15,0.100000000000001,0.29999999999999416,1.2906342661267445e-14,4.454769886308441e-15
7.510026000804747e-12,2.747024829830025e-12,0.2999999999865322,0.2999999999857828,3.783122402130658e-12,0.10000000000421434,0.29999999998958976,1.1361341988801513e-11,8.479506495189666e-12
0.0,0.0,0.3,0.29999999999999866,2.456368441983159e-15,0.09999999999999755,0.299999999999999,2.9004576518332215e-15,0.0
1.216793255428544e-16,1.8160322543590715e-16,0.027165752382091544,0.0,0.2999999999999998,0.1653594594831435,6.530635743012071e-17,0.2999999999999998,0.2074747881347657
3.998826949636465e-15,2.3828475948764593e-15,0.012761271690502477,1.1198214015933268e-16,0.2999999999999969,0.1526732693926733,4.10365194785991e-16,0.29999999999999777,0.23456545891682298
5.333233854543096e-14,3.609924859038216e-13,0.2999999999994218,0.2999999999995137,1.6687345949506494e-13,0.10000000000016687,0.29999999999958044,4.2255435261928653e-13,3.133639181474024e-13
2.885747196756938e-13,6.777113592537631e-13,0.29999999999867194,0.2999999999989359,3.2820621220785995e-13,0.10000000000034376,0.29999999999905247,9.505486675553954e-13,7.508958732582727e-13
3.0294749497142005e-17,2.111421884212176e-17,0.010614628288866085,4.583605620093019e-18,0.29999999999999993,0.15507774057528595,1.0641759842425704e-17,0.3,0.2343076311358482
3.509707184603181e-15,8.123326741292694e-17,2.3433402614370007e-16,1.2656268869062617e-15,0.29999999999999705,0.17300640547445148,8.426818844940334e-16,0.2999999999999985,0.22699359452554857
3.625572064791527e-16,5.1119009797230514e-17,0.0,2.140729952935318e-16,0.29999999999999943,0.13672282972547536,5.696388300261369e-16,0.2999999999999999,0.26327717027452424
1.819258700521594e-15,3.483289425099455e-15,4.7638394031717705e-15,8.436430696636944e-15,0.2999999999999975,0.12152928443443889,5.3593905687306396e-15,0.2999999999999857,0.27847071541295687
0.3,0.0,0.3,0.0,0.0,0.1000000000000397,0.3,0.0,0.0
0.3,0.0,0.09999999999977097,0.3,0.0,0.3,0.0,0.0,0.0
0.0661126371889265,0.2999999999999998,1.213385643984175e-15,1.6921920538837255e-15,0.033887362811105846,1.0665579391183065e-14,4.584590494908644e-16,0.29999999999999916,0.2999999999999962
0.09999999999999429,4.4700354528970365e-14,0.29999999999997207,0.29999999999991045,9.159339953157541e-15,0.29999999999998167,0.0,3.1377678233468487e-14,5.800915303666443e-14
0.10000000000001594,0.0,0.3,0.3,0.0,0.3,2.8449465006019636e-15,0.0,0.0
0.09999999999998038,5.986877660291157e-14,0.2999999999999766,0.29999999999989807,7.674416657721395e-15,0.2999999999999753,0.0,3.7664316110408436e-14,6.696032617270475e-14
0.09999999999995446,9.113543253391754e-14,0.2999999999999455,0.2999999999998143,1.5959455978986625e-14,0.2999999999999462,0.0,8.891498648466722e-14,1.519617764955683e-13
0.10000000000000034,0.29999999999999677,1.071365218763276e-14,4.3520742565306136e-14,0.0,0.0,8.465450562766819e-15,0.2999999999999696,0.29999999999997057
0.09999999999979248,0.2999999999998706,1.4882192700405028e-13,2.7099503197014485e-13,0.0,0.0,4.9692888692831616e-14,0.2999999999999989,0.29999999999993654
0.10000000000019751,0.3,0.0,0.0,8.326672684688674e-17,5.997979890537408e-14,0.0,0.299999999999996,0.3
0.09999999999999913,0.2999999999999966,0.0,9.367506770274758e-16,0.0,2.983724378680108e-16,1.4259426972529354e-15,0.3,0.29999999999999993
0.10000000000007342,0.3,0.0,0.0,0.0,1.8915424782051105e-14,0.0,0.299999999999985,0.3
0.09999999999990052,0.29999999999992893,7.011752289898254e-14,1.0897185931391107e-13,1.3086753902769033e-14,0.0,2.762720607840663e-14,0.3,0.2999999999999687
0.2999999998486851,2.7747741604411402e-11,0.29999999995678733,0.2999999999408585,1.8849409880172807e-11,0.10000000011979106,2.29364808396193e-11,3.940119758238936e-11,2.494304936206948e-11
0.09999999999999863,0.2999999999999949,3.119032809806299e-15,0.0,1.863093013199091e-15,3.635980405647388e-15,7.494005416219807e-16,0.3,0.3
3.0625307845255634e-11,5.1488575555924676e-11,0.2999999999192845,0.2999999998934595,3.4213991015330514e-11,0.09999999997800045,0.2999999999879758,6.022017259854628e-11,4.473179465724897e-11
3.5781671025248285e-12,3.2400198482469887e-12,0.29999999999453336,0.29999999999316695,0.09999999999706208,6.6882402394163876e-12,0.29999999999601973,3.0832457173282926e-12,2.628188318951342e-12
0.09999999999999884,0.3,0.0,0.0,3.885780586188048e-15,1.609823385706477e-15,0.0,0.3,0.3
0.10000000000002227,0.3,0.0,0.0,5.828670879282072e-15,6.827871601444713e-15,0.0,0.3,0.3
0.0999999999999874,0.2999999999998394,1.4691026173352384e-13,5.376810108259633e-13,0.0,0.0,5.5844218138645374e-14,0.29999999999973104,0.2999999999997257
0.09999999999999466,0.2999999999999252,6.47953912746857e-14,2.410571742217371e-13,3.941291737419306e-15,0.0,3.390343561449072e-14,0.29999999999987587,0.29999999999986615
0.11975352533229164,0.29999999999999993,3.4074665891655583e-15,2.2629280379563074e-16,7.34441804358873e-18,6.14735867272565e-16,1.2498316819330726e-15,0.2802464746677092,0.2999999999999937
0.12172746153663484,0.2999999999999998,3.4647102539220355e-18,8.838900231361881e-18,1.9984491767627273e-16,9.230452005348575e-16,6.639757029772625e-16,0.2782725384633647,0.3
0.16126531093815213,0.29999999999999827,5.402118883207905e-16,3.7351684321807274e-17,1.2024939120068056e-15,1.418956586158808e-16,3.4590926795892734e-16,0.2387346890618491,0.2999999999999992
0.0,0.0,0.3,0.3,0.09999999991173561,0.0,0.3,0.0,0.0
0.0,0.0,0.3,0.3,0.10000001031412226,0.0,0.3,0.0,0.0
0.14225770202036317,0.29999999999998966,6.318504742781345e-15,1.4561438296361053e-16,1.0562198584752374e-14,1.3681127807964656e-14,7.200956523023272e-15,0.25774229797963577,0.29999999999998245
2.699356885723901e-10,2.4961850594539607e-10,0.2999999995958552,0.29999999947701855,0.09999999978367079,5.0740674856220025e-09,0.29999999505668096,2.667698108690253e-10,2.2638311811986188e-10
0.1347379628006391,0.3,4.1453634738262256e-17,0.0031008135049321434,4.1019898325682787e-17,0.0,0.0,0.2621612236944431,0.2999999999999998
1.7798045706402542e-10,1.6592387155930096e-10,0.2999999997338242,0.29999999965606244,0.29999999994964843,0.0,0.10000000013329133,1.7359706495934018e-10,1.5562862150569514e-10
0.11501257469020212,0.3,1.1405542773565248e-16,0.0003756128318097721,0.0,0.0,1.844454825249725e-16,0.28461181247798994,0.3
0.0986293777212276,0.29999999999999993,6.797556549779667e-17,0.002644477414485278,2.661608915719819e-16,3.045937163080147e-16,1.2755969806164353e-16,0.2987261448643137,0.29999999999999966
0.09704763516587545,0.29999999999995325,3.189709752712043e-14,0.010270532851009548,9.832828456438856e-15,1.703074211624635e-14,1.1033195672397113e-14,0.2926818319690239,0.299999999999945
0.0,0.0,0.3,0.3,0.09999999986737025,0.0,0.3,0.0,0.0
0.08387757620606574,0.29999999999998933,9.18478003600095e-15,0.016122423793925807,9.092189091226533e-15,1.300446419480089e-14,6.174219851431807e-15,0.299999999999999,0.29999999999998295
1.2817853663093966e-13,3.705198715589721e-13,0.29999999999974314,0.29999999999908616,0.09999999999998185,4.540848200222831e-14,0.299999999999944,3.2186822965596733e-13,3.787622382811618e-13
0.0948101315653712,0.29999999999999877,4.1419919058353447e-16,0.005189868434628792,1.4477760205183283e-15,1.7142465551151958e-15,9.905431477962448e-16,0.2999999999999993,0.2999999999999973
0.06562912892502562,0.2999999999999972,3.4590497601688814e-15,0.0015519715640087786,0.0,2.4318669271570833e-15,0.03281889951096526,0.3,0.29999999999999416
0.29999999999505494,3.2832092286674366e-12,0.10000000000040518,0.2999999999948595,8.982328769668868e-13,0.2999999999946161,2.3466859778829325e-12,5.333579023935451e-12,3.202598076166394e-12
3.091684217665369e-10,7.007277267115364e-11,0.29999999988806453,0.29999999985104003,0.09999999976696519,0.2999999999127928,5.331529705568383e-11,8.203552680913218e-11,6.6545423685338e-11
0.0,8.339162693715707e-14,0.29999999999994326,0.2999999999998852,0.0999999999999649,0.2999999999999273,0.0,1.2068124277675452e-13,1.1533829447074595e-13
0.08444050503632532,0.24901244380410448,1.858660393448752e-15,0.17377210275600108,3.2466475776184913e-15,6.991180812280102e-18,1.111228942637643e-15,0.19277494840356493,0.299999999999999
0.0,9.381384558082573e-14,0.2999999999999452,0.2999999999998876,0.09999999999995621,0.29999999999992133,0.0,1.142280714461208e-13,1.1776690733711348e-13
6.353037734937051e-11,5.344844428001313e-11,0.2999999999146188,0.2999999998877913,0.299999999769033,1.6473504504954661e-10,0.10000000004438543,5.290913794310695e-11,4.9548495907677645e-11
0.11400672612979469,0.29999999999999544,6.3027463807101255e-15,0.20186246938158292,4.73221129655498e-15,9.209681612663934e-18,4.9963406051214855e-15,0.08413080448861823,0.2999999999999934
0.0,2.3328561304936102e-14,0.29999999999998445,0.2999999999999681,0.09999999999999676,0.2999999999999827,0.0,2.7755575615628914e-14,2.4188984149020598e-14
