Technology_XLK,Healthcare_XLV,Financials_XLF,Energy_XLE,Materials_XLB,ConsumerDiscretionary_XLY,Industrials_XLI,Utilities_XLU,ConsumerStaples_XLP
0.10453778886169733,0.11288965781886921,3.811163136843867e-15,0.17730585506583413,1.4430787089449522e-15,1.7002633878758156e-15,0.0052666982535973395,0.2999999999999965,0.29999999999999843
0.10427127448272074,0.10250045692385008,7.102741696448864e-18,0.17126336290722188,1.4642074273674971e-18,1.5686817332161679e-18,0.02196490568621635,0.3,0.3
0.09744731474602433,0.056935221096004796,5.079538034213827e-16,0.06823822005771937,1.972214741040224e-15,0.1773792441002512,1.2471762320147067e-15,0.29999999999999816,0.2999999999999989
0.15628339581235437,0.03403073408550196,2.7596232823929685e-16,0.09248312502836824,6.919304732757352e-17,0.11720274507377412,1.55926247263473e-16,0.29999999999999977,0.29999999999999977
0.14188342636597304,0.0,1.7667481108264335e-16,0.11357366938549786,3.4644494971144095e-16,0.14454290424854047,3.0825181964202143e-16,0.2999999999999995,0.3
0.06902428453526155,0.06442127386775542,6.159677771124513e-15,0.21939732296694633,7.085472731403481e-15,0.047157118630031046,7.82435371945147e-15,0.2999999999999888,0.29999999999999577
0.09564098300288623,0.01920286879588963,1.93287849788733e-15,0.1855741001672765,1.1909725936062398e-15,0.09958204803394693,2.3608598056584724e-15,0.2999999999999974,0.29999999999999793
0.04680261897080718,0.144323338597572,2.591372603464691e-15,0.18835228590957404,5.447579777761364e-16,0.022605784235742374,2.277956088158663e-15,0.29999999999999744,0.29791597228630157
0.007061755284115594,0.29999999999999827,2.2699994147094877e-15,0.09312814796010283,2.0824486969624757e-15,1.432342106768609e-15,1.7372557272101255e-15,0.2999999999999985,0.29981009675577835
0.022630434462159076,0.2996427870818232,5.484866130188049e-16,0.0777267784560166,3.8000808328073015e-16,1.705728738126289e-16,3.5459594957937634e-17,0.29999999999999993,0.29999999999999954
0.010761821493365928,0.2999999999999946,1.8564602526668453e-16,0.08923817850663719,2.613849589033946e-15,2.391659877175844e-15,1.3260142088184994e-15,0.29999999999999793,0.2999999999999979
0.0030984425742731935,0.2803400447619106,8.580141300028223e-16,0.11661298362087487,1.4678548065780724e-15,1.818167481051304e-15,3.9894812081524476e-15,0.29994852904293956,0.2999999999999977
0.0343455736220788,0.3,1.4588148857581546e-16,0.1032145829787744,1.1785487686814519e-17,8.071545382726527e-18,5.994381035663859e-17,0.27523801410016974,0.2872018292989797
0.04593544033967014,0.25137927053547626,9.427979305360756e-16,0.11037816257630209,4.774451464406243e-16,1.7164074382425607e-16,3.1258472148953833e-16,0.2923071265485501,0.29999999999999966
0.0,0.2999999999999991,2.4683672401408906e-15,0.2105281424104197,4.389371969068403e-15,1.963881753449253e-15,2.719898678229548e-15,0.18947185758957694,0.299999999999995
3.8341184453798617e-16,0.29999999999999816,0.05194870056448216,0.13136596469779865,4.104273453755566e-16,4.881515490863621e-16,1.7467944190374135e-15,0.2166853347377205,0.2999999999999978
0.0,0.19691763521071834,0.29999999999999943,0.0,0.05864993703119076,1.2535224351407537e-16,0.0,0.14443242775809312,0.3
4.4217118437154733e-17,0.2999999999999992,0.2999999999999998,0.018528577169211174,0.02587972633518216,1.8708787483598032e-16,3.8032679786564644e-16,0.05559169649560718,0.2999999999999996
0.0,0.3,0.3,0.0,1.8665624601510444e-15,0.0,1.3264033478382391e-15,0.09999999999999584,0.3
0.0,0.29999999999999777,0.3,0.046735352956353796,1.6378109057199672e-15,9.065913285199346e-16,0.0,0.05326464704364859,0.3
3.868161324945991e-16,0.2275733982105091,0.2999999999999997,4.943419948816389e-16,0.047893396250669414,0.055448524718269346,1.58185673243071e-16,0.06908468082055168,0.29999999999999927
1.965089234177586e-15,0.2563247950603985,0.29999999999999766,1.2013892188157953e-15,0.04368688436912222,0.0026557252324997706,7.718960164119292e-16,0.09733259533797949,0.29999999999999905
2.1600887095658074e-17,0.19451458668367352,0.2925732109020867,1.937742436835911e-17,0.024681826595993606,4.762674769493596e-16,0.0,0.18823037581824878,0.3
7.15999601328015e-15,0.22594129539454322,0.2691442889598841,2.2889793579482305e-15,0.001095472578544442,1.0303747403052278e-15,4.452897495299656e-15,0.2038189430670236,0.29999999999999766
1.0847135620155815e-16,0.2587636277884965,0.29999999999999977,5.28186094621471e-16,6.079270681082044e-16,5.69849900097278e-16,6.05511988789473e-16,0.14123637221150356,0.2999999999999999
2.935198506081123e-15,0.29999999999999977,0.18936051571158147,6.367447772806342e-15,0.2106394842884237,5.339468693775208e-15,1.5596683570110278e-15,8.938336780125357e-15,0.29999999999999877
2.269387541383812e-14,0.29999999999999766,0.21040914032938124,5.178466592753188e-16,0.18959085967061123,9.497497367955288e-16,1.2221261621317933e-14,8.188485843300013e-16,0.2999999999999932
0.0,0.2571403950419482,0.3,0.06225283229231236,0.03307915621922889,0.005415961798092976,4.016557896910087e-17,0.042111654648422585,0.2999999999999999
3.2378537533487757e-15,0.2999999999999987,0.2612688220110836,1.9096166716179165e-17,0.1387311779889165,1.5003472108382352e-15,1.4764146169074523e-15,9.937048867731257e-18,0.2999999999999968
2.5577751396918145e-15,0.3,0.24592868383878796,8.370079461000743e-16,0.15407131616120934,3.727079889527174e-16,2.299120377131189e-15,3.5588964800537954e-17,0.2999999999999981
6.820695616091661e-16,0.2999999999999999,0.22533278910605367,2.0226442591255355e-18,0.1746672108939461,3.054690966993772e-18,5.3750264021767666e-17,1.0858391203510287e-18,0.3
4.868214350440486e-15,0.1946856678136714,0.2999999999999993,0.13082849087489767,0.024767493440192533,1.0241538933225521e-15,2.7532909865035587e-16,0.049718347871237044,0.2999999999999973
4.5341102772495e-16,0.2983155166932636,0.29999999999999954,0.03426429094110947,0.032387022283221274,3.656188460433194e-17,1.7535312823878972e-16,0.03503317008240515,0.29999999999999866
9.848695079204288e-16,0.282805899133253,0.29999999999999716,2.898489173802104e-15,0.028755438771618045,9.057614035618077e-16,0.06283211693209463,0.025606545163035246,0.29999999999999677
2.162056304545366e-16,0.2999999999999999,0.15041256687782678,0.056789788085199494,0.09386520556540971,3.159202980430791e-17,0.23074971485342416,2.510136539149701e-16,0.1681827246181404
7.703630279719922e-17,0.29999999999999966,0.21045586031650454,0.048092994834248226,0.16239015728426417,0.016807946605289698,0.04734377194189773,1.1506182451492409e-16,0.21490926901779792
1.917053740880103e-15,0.2999999999999997,0.07546201132710065,1.3101877887777376e-17,0.15799571539761242,4.9914217467117004e-18,0.22535351704510542,1.846771123465964e-18,0.24118875623018193
1.0745013894861468e-15,0.29999999999999966,0.18676458181109526,0.0,0.29755968617482337,0.028626909557942015,0.08641924175527808,8.466875605010403e-19,0.10062958070086138
3.280593768621759e-16,0.29999999999999966,0.1931742941399628,3.209212277709973e-16,0.1998314624784705,3.5809605212655513e-16,0.17721662171286892,1.918133129017865e-17,0.12977762166869805
0.0,0.3,2.42861286636753e-16,0.0,0.19444295725854135,4.346422184429048e-17,0.3,9.037505060066428e-16,0.2055570427414597
1.2635006495306099e-17,0.3,0.10679820230639173,0.08320030719807764,0.0029154646331485917,2.943975992977467e-18,0.3,1.4880471151753994e-16,0.20708602586238262
2.3431729086138264e-16,0.2999999999999999,0.19633469907643072,0.06297633498278926,0.0054603024006086446,2.6964090785984774e-16,0.29999999999999966,1.6392020640472545e-16,0.13522866354017102
1.6021092669978135e-16,0.3,0.06456129627078597,0.06972305178477939,1.108952506534364e-16,8.173731241852981e-17,0.2999999999999996,0.014113821504981385,0.2516018304394532
1.385306295059391e-16,0.29999999999999954,0.16310438643017072,0.05068311340188485,5.920184836040481e-17,2.365926797152689e-16,0.2828506602860604,0.06413329485369523,0.13922854502818996
3.269278409284176e-16,0.3,0.29999999999999954,0.17282462362902576,7.797700671412116e-17,0.04602451515191501,0.06952740800100773,0.11162345321805121,6.837586629223193e-17
0.02289782766220885,0.3,0.11630733647239654,0.13734802634302373,8.857460460213384e-19,5.37241780274374e-17,0.16713613674096328,0.11830625706529681,0.13800441571611066
0.049476097086071175,0.3,0.15694711727479738,0.11624148565881556,0.09001675294007125,5.980901064203147e-17,0.0005440886243415695,0.2867744584159031,0.0
4.9636159447213355e-17,0.26034684049994095,0.23087434168530488,0.10214876111920336,5.372300278298313e-17,1.4181629833466849e-16,0.16118813637877508,0.1747388802431393,0.0707030400736364
2.313559502406627e-16,0.16969505374630037,0.26857082732039456,0.0866295689261759,6.200881641944507e-17,1.2554535481190919e-17,0.10440932238892045,0.17706716927198482,0.19362805834622399
3.773283371230043e-17,0.29999999999999993,0.2999999999999998,0.21904267090869137,3.32956238269e-17,2.1458212014036525e-17,0.16518222330259302,2.032059848364639e-16,0.015775105788715563
2.5898189737337825e-18,0.2745148749298852,0.3,0.2153369502707865,1.396466691966397e-19,8.656608294486e-19,0.21014817479932862,0.0,2.1786315807750084e-17
8.749226447759449e-18,0.2209836360651242,0.04194823747929635,0.10124448796921862,2.1407318743782446e-16,3.030742525833081e-16,0.2999999999999999,0.0358236384863606,0.29999999999999977
3.866347888895749e-16,0.3,0.2999999999999999,0.15911904579093833,0.0,0.0,0.24088095420906164,0.0,3.4237992759816966e-16
6.647517750944296e-17,0.08832079975420348,0.20845186675930655,0.14072682476016737,7.297736904039761e-17,8.775929409097456e-17,0.29999999999999977,1.537440726889967e-16,0.2625005087263232
1.1276124749935903e-15,0.1281543933752025,0.18344685513729703,0.06895381342921138,5.742366303382042e-16,6.101284963107434e-16,0.2999999999999992,0.21428488301241222,0.10516005504587864
1.1401355908485247e-15,0.08680830919937046,0.04041968711198987,0.046184165398161385,2.6233968986778878e-17,6.263471441828403e-16,0.299999999999999,0.2389093671612691,0.28767847112920863
4.828344132466477e-16,0.07135389283842918,0.1310515531047112,0.05945448225305761,0.0,2.061701429368132e-17,0.1612227894683187,0.2999999999999997,0.2769172823354833
2.1361334060794765e-15,6.250998440356496e-17,0.1603282652624087,0.09749461268460265,1.4888776206962911e-15,1.8710837335913734e-16,0.19895603818857444,0.24322108386441305,0.2999999999999995
2.7894595266484586e-16,0.015337237367103207,0.20706495589183593,0.11150212280094049,1.8162451086522156e-16,2.209180514892035e-16,0.14166380380211532,0.25111611711464893,0.27331576302335564
3.3125623279502777e-19,2.6030170910991926e-16,0.20973457684617214,0.1109839673916757,4.0648439539496134e-19,2.3812093437892255e-16,0.1316752665513289,0.24760618921082414,0.2999999999999996
5.803613022205137e-16,0.026987382782721336,0.15964791983850354,0.07783698520734972,2.216529399042003e-16,2.486157227151597e-16,0.29999999999999954,0.25891286734213204,0.17661484482929526
4.177862633699418e-16,0.09614168968560774,0.1959360358191627,0.08209933355724269,5.073368855612489e-16,2.2153599577489888e-16,0.29999999999999977,0.25165544701178094,0.07416749392620763
1.2705035683235503e-15,6.10974285157895e-17,0.2526768296607963,0.05394234686605713,8.061373695464172e-16,5.12661709186945e-16,0.2999999999999969,0.29999999999999927,0.09338082347314784
1.3707888626512745e-18,2.502018263265106e-16,0.06416326944911437,0.06665420466637166,3.6243907794702573e-16,1.6076792099530603e-16,0.26918252588451547,0.2999999999999998,0.3
1.927091063927964e-16,4.749170509286734e-17,0.08309448492718284,0.07464917199124588,6.39634969706806e-16,1.0872615583567618e-16,0.24225634308157132,0.2999999999999999,0.29999999999999993
8.626596803102241e-16,2.505507305164775e-16,0.2999999999999997,0.058185688701276356,0.0,4.962147179476966e-16,0.16983336353851206,0.2999999999999999,0.17198094776021117
3.2263631581008656e-16,1.430821464018087e-16,0.29999999999999977,0.07473014738623746,1.8998127557761947e-17,2.5776141375838335e-17,0.0628669566097673,0.26240289600399536,0.29999999999999993
4.580831752684585e-16,7.916917404000987e-17,0.1251716835592381,0.04636857905188684,2.750777377893227e-21,5.922843619575514e-18,0.24757157197492918,0.2991742920991341,0.2817138733148115
5.798084077163865e-17,0.0685912586819553,3.5988501072227414e-17,0.04199132003616164,0.0,0.0,0.2894174212818831,0.3,0.3
2.9059972773776453e-19,0.0552415828033767,7.393742154584382e-19,0.04617372383116934,2.2510211341877718e-18,8.781944765439812e-19,0.2985846933654542,0.3,0.3
2.614513911026598e-17,0.02937947483317906,0.037846384056259785,0.033548077031576924,2.786623613766575e-16,1.2544885886018982e-16,0.29922606407898433,0.3,0.2999999999999997
6.197932883913885e-18,0.11067799547107243,1.1294642420599774e-16,0.04778041297655658,1.0885512001978717e-17,0.0,0.24154159155237118,0.3,0.3
2.3179395943962674e-17,0.1028755397888807,4.0681048329150585e-18,0.003527604666764828,1.1233345144729723e-16,2.472205417180472e-16,0.2935968555443547,0.29999999999999993,0.2999999999999996
3.7692505366893074e-18,0.0880603875138524,2.407315679127563e-19,0.05655372043817026,4.941648454321983e-17,8.557475992591875e-19,0.2553858920479779,0.3,0.3
4.85661062817618e-16,0.019400343509652487,0.04846575113336152,0.032133905356985404,1.5848548455025196e-17,5.048512296839792e-16,0.3,0.3,0.2999999999999997
1.3383282717832064e-15,0.017776344929177915,1.19709484648192e-16,0.13097308985155506,0.18848376813225157,1.6617372732003787e-16,0.15352704475810436,0.20923975232891093,0.29999999999999855
8.90583035788821e-17,0.0862347209782566,1.5666932041762835e-16,0.12112214992889754,0.23094646755856016,2.3276510025447268e-17,0.10366365580367447,0.15803300573061185,0.29999999999999993
8.171578897015991e-16,0.004996620183619234,1.725734290942401e-17,0.13172277565858775,0.1974030175211061,9.760828588072728e-17,0.16443230747742965,0.20144527915925706,0.29999999999999943
9.324688572132906e-18,0.01613928466359622,3.713118272492074e-16,0.09008465142617468,0.19551145763547434,4.830696372790447e-16,0.23271846259557658,0.16554614367917833,0.3
2.0284169531063245e-15,0.06185016894065466,1.9910979619223732e-16,0.07970136225350244,0.2999999999999993,3.8291286742634365e-17,0.0348291214248802,0.22361934738096295,0.2999999999999985
7.016472790791852e-16,0.26139541639964736,0.0,0.06472231375782608,0.24383519851828084,3.957520087001811e-16,0.04615126608978216,0.08389580523446305,0.29999999999999943
6.990476204610159e-16,0.2927005685884089,4.1197429974474303e-16,0.074288661241455,0.2211474750136778,5.337926016048413e-16,0.09499372008234375,0.016869575074114778,0.2999999999999987
7.724444317215159e-15,0.2999999999999945,1.4651092450868648e-17,0.11964149816372648,0.2637635582194126,1.4384978367313197e-15,3.067563044799239e-15,0.016594943616869827,0.2999999999999858
9.500021926610983e-16,0.29999999999999744,2.1153048789795625e-15,0.07779248023327039,8.781652944728716e-16,4.64560723854094e-16,0.07761914447675616,0.24458837528997307,0.29999999999999616
0.0,0.29999999999999977,2.210358609365615e-15,0.0318041781716589,4.921976645829328e-16,4.517399260140418e-15,0.06819582182833611,0.3,0.2999999999999983
4.0103851443571323e-16,0.29999999999999993,3.6785412672554256e-16,0.05253535028254632,3.329279385209915e-16,2.6557449050618204e-16,0.04746464971744551,0.2999999999999997,0.2999999999999989
3.3306690738754696e-16,0.29999999999993227,1.4516166046973922e-13,0.09999999999997497,3.502753642692369e-14,5.057065877167588e-14,2.0164425684754406e-14,0.2999999999999114,0.29999999999993004
0.24476312981229864,0.12550280740992875,1.3858678149407425e-14,0.029734062777779218,5.191620471240648e-16,6.056191851721952e-16,1.5001458212333701e-15,0.2999999999999995,0.2999999999999823
0.14380489565454513,0.1943808523853158,9.834988706633409e-15,0.061814251960141786,7.40447771416518e-15,5.624407189985803e-17,2.077844786854781e-15,0.2999999999999975,0.2999999999999813
0.18573079020301686,0.17111367584124784,2.4669970118232614e-14,0.04315553395573091,7.182533251069823e-16,1.533402884152894e-15,5.948442266229708e-15,0.2999999999999986,0.29999999999997606
0.2240593494688089,0.17594065053118246,3.5497420734407166e-14,3.354385154744145e-16,3.356492410438205e-15,2.6705331069121293e-15,9.665730914269056e-17,0.3,0.29999999999998
0.09999999999998926,0.3,2.2582630210266075e-14,1.1430092983211182e-14,0.0,0.0,0.0,0.3,0.29999999999998495
0.10000000000003575,0.3,0.0,1.3961054534661343e-14,0.0,0.0,0.0,0.3,0.3
0.11610214795982848,0.24442569504013956,5.490334780292511e-19,0.03947215700001507,1.876810233513949e-19,7.98196855630488e-15,2.6619684035320297e-15,0.299999999999998,0.3
0.08745256296508236,0.2999999999999986,1.7330717410117303e-16,0.012547437034912675,1.0325001087554761e-14,1.4349865483519559e-15,4.8669419799710426e-17,0.29999999999998656,0.29999999999999977
0.059052047776784335,0.2946774792903215,3.816592932210436e-14,0.046270472932917264,2.63808072609173e-17,1.7954387976359956e-17,1.0807327255335509e-17,0.29999999999999993,0.2999999999999419
0.09690148299675254,0.2999999999999776,0.0,0.003098517003258193,1.4720307261057374e-14,0.0,0.0,0.29999999999999266,0.3
0.055789751024852605,0.2999999999999843,3.4839191122842656e-16,0.04421024897515759,1.2110779665084207e-14,4.290215434004182e-17,8.384413875004452e-16,0.29999999999999377,0.29999999999999954
0.05447769242806875,0.29999999999999943,2.977851546416867e-17,0.04552230757193363,8.59349581361273e-16,4.683716071340335e-16,9.965764003442553e-16,0.3,0.2999999999999968
0.06552088918474201,0.29999999999999116,0.0,0.03447911081525939,2.229124431216341e-15,4.1640637412728864e-15,0.0,0.29999999999999366,0.3
0.057291991276820345,0.2999999999999967,3.537932280574019e-14,0.042708008723173534,1.0141180138812633e-15,1.3674624788243266e-15,8.10479591363742e-17,0.299999999999998,0.29999999999996085
0.07226970593191367,0.29999999999999777,9.927711234473992e-16,0.027730294068087476,7.910709480274971e-16,9.178228068365501e-16,5.329813355159418e-16,0.29999999999999816,0.29999999999999766
0.07292193191837418,0.2999999999999988,9.999025676574439e-16,0.027078068081623444,1.3007977858261458e-15,1.5094061708552617e-16,2.639561458111649e-16,0.2999999999999994,0.2999999999999969
0.09999999999989764,0.2999999999998725,5.17058618143551e-13,0.0,7.09432512735475e-14,1.1823875212257917e-13,1.6797674362578618e-13,0.29999999999973437,0.2999999999996953
0.0022191716555746556,0.29999999999999916,2.749771703885478e-15,0.09778082834440245,2.1457039322503194e-15,1.7141702974052e-14,1.3101329409708568e-15,0.29999999999999766,0.29999999999999366
0.10000000000000235,0.3,0.0,1.1102230246251565e-16,0.0,0.0,0.0,0.3,0.3
0.09999999999995932,0.2999999999998102,4.3653969328261155e-13,0.0,1.461053500406706e-13,6.816769371198461e-14,1.2032042029375134e-13,0.2999999999997116,0.29999999999976756
0.09999999999992455,0.29999999999988725,3.887723476481142e-13,0.0,6.368516825006054e-14,8.67778071622638e-14,1.422750806057138e-13,0.2999999999998068,0.29999999999974025
0.0794567624866464,0.299999999999999,1.4887710593799246e-14,0.02054323751334501,2.51635256353208e-15,1.9297155899049904e-16,1.385506073289055e-15,0.2999999999999996,0.2999999999999874
0.09999999999985777,0.29999999999963384,7.255723799559632e-13,0.0,1.8821055824957966e-13,1.2426171203117065e-13,2.614714000870322e-13,0.29999999999959914,0.29999999999961074
0.0983144279681286,0.3,7.643836519084519e-14,0.0016855720318239113,2.1942270686195253e-14,4.949995054972671e-19,2.8260406911117108e-14,0.2999999999999709,0.2999999999999206
0.1000000000000185,0.3,0.0,0.0,0.0,0.0,0.0,0.3,0.3
0.10000000000006644,0.3,0.0,0.0,0.0,0.0,0.0,0.3,0.3
0.09999999999995145,0.29999999999987037,2.6049995494048517e-13,1.84297022087776e-14,7.263634138610087e-14,6.419864639894968e-14,7.484290964754337e-14,0.2999999999998313,0.29999999999985616
0.10000000000000593,0.3,0.0,0.0,0.0,0.0,0.0,0.3,0.3
0.09999999999996996,0.2999999999999381,1.3011813848606835e-13,2.3939183968479938e-14,5.32768273941997e-14,2.7075564013046005e-14,4.349298698969051e-14,0.2999999999999017,0.29999999999991234
0.09999999999996981,0.2999999999999434,1.0166867348004871e-13,1.5903944827755367e-14,4.390932062392494e-14,2.1260770921571748e-14,4.213296378452469e-14,0.29999999999993004,0.2999999999999319
0.10235043679349631,0.29764956320652425,1.5988300373715123e-14,0.0,1.2550849932623257e-14,0.0,5.322391497586221e-15,0.2999999999999957,0.2999999999999739
0.09999999999999319,0.3,2.5798807534727075e-14,3.552713678800501e-15,9.797718192317006e-15,2.6922908347160046e-15,6.231126725708691e-15,0.29999999999997495,0.2999999999999803
0.1239952178328175,0.2760047821671835,2.3140009974567605e-15,1.8617009922430943e-14,7.26069670436415e-16,3.18066853678013e-14,5.973722640047935e-16,0.29999999999999954,0.29999999999999816
0.3,0.09999999999998668,0.0,6.138535860178429e-15,0.0,1.9208809889925682e-15,0.0,0.3,0.3
0.2629118097338666,0.13708819026613425,1.142593847174154e-15,3.064539804009882e-17,6.512488696504327e-16,4.414867441862997e-17,5.922838708849533e-15,0.3,0.2999999999999954
0.29999999999999133,0.05608497628569527,1.0760092175132505e-15,0.0,8.825319123996577e-15,0.04391502371431333,1.0159413683775153e-14,0.29999999999999954,0.2999999999999818
0.1083162934297773,0.28363308416247107,3.142626313715282e-15,1.9061587258682696e-15,1.1835337720154535e-14,0.008050622407742415,3.9686358678733783e-16,0.2999999999999991,0.2999999999999946
0.10000000000001803,0.2999999999999954,0.0,0.0,0.0,1.8735013540549517e-15,0.0,0.3,0.3
1.327138337078848e-15,0.2812077840966151,2.5742829588389355e-15,2.530275529554775e-16,2.7428277570296733e-15,0.11879221590338447,1.796048884797082e-16,0.29999999999999966,0.2999999999999994
0.09999999999999966,0.29999999999999083,1.0533240946131173e-14,1.582067810090848e-14,1.1851630787873546e-14,0.0,8.729128531115293e-15,0.29999999999998017,0.2999999999999837
0.09135854698046891,0.2999999999999998,4.387841388348894e-16,3.845366972743602e-16,1.3115221083302384e-14,0.008641453019757725,4.828391617908886e-15,0.29999999999999566,0.2999999999999952
0.09999999999999462,0.3,1.6232674926452972e-15,0.0,1.7860279227788212e-14,0.0,5.53636997357998e-15,0.2999999999999958,0.29999999999998744
0.07748674546843935,0.29999999999999977,9.04366540559781e-16,8.409611581604748e-16,1.059797408989883e-14,0.022513254531556677,2.8105529126879403e-15,0.29999999999999943,0.2999999999999954
0.059908566299739695,0.3,5.499979376105384e-19,1.9623131421142572e-15,1.0324552206275326e-15,0.04009143370025908,0.0,0.2999999999999999,0.3
4.760081218080359e-15,0.29999999999999905,0.0,0.0,0.0,0.10000000000000567,0.0,0.29999999999999954,0.3
3.05184665263415e-15,0.21818692134656273,0.0,2.7667169116952456e-18,0.0,0.1818130786534398,5.10427903917768e-19,0.3,0.3
5.192399345702583e-16,0.23092881957018935,2.4123777711258245e-18,1.7147240584367127e-16,1.4964808273694122e-15,0.16907118042981037,1.3569793235900287e-16,0.29999999999999905,0.3
0.10000000000001501,0.3,0.0,0.0,0.0,0.0,0.0,0.3,0.3
0.09999999999999988,0.3,0.0,0.0,0.0,3.0531133177191805e-16,0.0,0.3,0.3
0.09999999999999638,0.3,0.0,0.0,0.0,0.0,0.0,0.3,0.3
0.09543918875033733,0.29999999999997884,2.5135275134690893e-14,3.270717422652958e-14,3.7615286177469474e-14,0.004560811249660233,2.1472338027180326e-14,0.2999999999999512,0.29999999999995786
0.06559552713599859,0.2999999999999998,0.0,4.639959964596357e-16,0.0,0.03440447286400279,0.0,0.29999999999999954,0.3
0.09204017729751723,0.2600354324709065,8.50287550593248e-16,0.0,1.0238823397466344e-15,0.04792439023157457,1.445578763174947e-15,0.3,0.2999999999999992
0.1574787709212969,0.14680665232295143,0.0,4.875338358190501e-16,3.767427091874892e-18,0.09571457675575469,3.36377418917401e-19,0.2999999999999998,0.2999999999999999
0.2642238839497112,0.053660725212827554,9.268825663154717e-17,0.0,1.2380298646980062e-15,0.08211539083746089,2.7453717838677613e-16,0.2999999999999999,0.29999999999999916
0.2999999999999991,0.042832299698553074,1.1644755957511914e-15,0.0,4.114863537673856e-16,0.05716770030144645,2.0180580311441402e-16,0.3,0.2999999999999999
0.23476893989562095,0.009741646239781956,0.0,1.6766077937130974e-16,2.0781214101988817e-17,0.1554894138645979,3.1095904323961794e-16,0.2999999999999999,0.3
0.3,0.10000000000000125,0.0,5.551115123125783e-17,0.0,0.0,2.914335439641036e-16,0.2999999999999992,0.3
0.29999999999999905,0.09999999999999931,1.7763568394002505e-15,0.0,3.3306690738754696e-16,0.0,2.914335439641036e-16,0.3,0.3
0.3,0.06155968710394099,0.0,2.5305336045424093e-16,4.551105822343323e-16,0.03844031289605896,0.0,0.3,0.29999999999999993
0.292678104084913,0.13458724451387688,8.30094918376981e-18,0.0,7.994076188122966e-16,1.852473097025526e-16,0.0,0.3,0.2727346514012109
0.3,0.15202640707920242,6.335437944842856e-18,6.6238907267421265e-18,7.947622483786083e-17,0.0,1.5933396524074876e-16,0.3,0.2479735929207971
0.2999999999999995,0.051215081986479574,1.188463210894319e-15,1.899756997055666e-16,3.494087320784816e-16,0.04878491801352,7.180119252845244e-17,0.2999999999999998,0.2999999999999998
0.2999999999999997,0.09999999999999981,5.759281940243e-16,0.0,0.0,0.0,1.8041124150158794e-16,0.29999999999999993,0.3
0.2999999999999999,0.10000000000000081,0.0,0.0,2.7755575615628914e-17,0.0,0.0,0.2999999999999997,0.3
0.3,0.3,0.0,0.0,3.5388358909926865e-16,5.412337245047638e-16,1.6653345369377348e-16,0.3,0.09999999999999873
0.3,0.3,0.0,0.0,2.9907164817396967e-16,7.892991815694472e-16,1.921084897742967e-16,0.29999999999999977,0.10000000000000049
0.2568034692966769,0.2999999999999999,2.391302058652894e-16,6.912187295697948e-17,1.0098695465687823e-16,9.373438717026546e-17,1.9285708949591541e-16,0.1431965307033231,0.2999999999999998
0.13206009460691942,0.29999999999999954,8.06678253653207e-16,1.1570855220896237e-16,1.2292617799821768e-16,9.38008158565525e-17,0.18113641069591715,0.0868034946971656,0.2999999999999999
0.3,0.3,5.426768718972728e-17,0.03145101705331628,0.06257120681792648,0.005977776128757372,1.0588468249117218e-16,0.29999999999999993,4.920845066160126e-17
0.047229726256475736,0.29999999999999993,9.248719630285897e-18,0.0,0.11032447867345525,1.3002268082268172e-16,0.1354644847372967,0.15044009599929567,0.25654121433347676
0.0015933081588056493,0.2999999999999999,2.1608983837621819e-16,0.026100349682538892,0.02501332105981689,1.00307904933421e-16,0.19518090796767723,0.1521121131311613,0.29999999999999993
0.2999999999999997,0.29999999999999993,1.0571296448647792e-16,6.856331013917022e-18,0.06346410142858772,1.0235879023440729e-16,2.260722972050116e-17,0.1821260419811263,0.15440985659028633
0.04546386960605515,0.3,1.2534682005357806e-17,0.0,0.18340327325018602,0.0,0.11395812896319117,0.2250347143596125,0.13214001382095564
0.1381222231069961,0.29999999999999966,3.969030828124548e-16,4.2531429172567524e-17,0.14047423940551243,1.9645062651941407e-16,0.07811296008939785,0.21114887985748018,0.13214169754061333
0.18839886327328753,0.2999999999999998,6.897770727818177e-20,0.12032453843536764,0.13745416334674632,2.8226786363440975e-17,0.08428729618412016,0.16953513876047843,1.409423764436074e-16
0.22984520252340934,0.3,0.17537393640904933,0.04593823597964147,0.0,1.8489729006170039e-16,6.842591155003885e-17,0.08850814492197893,0.16033448016592086
0.13565683071439474,0.2999999999999999,0.15502241533974823,0.03068937736154851,0.1108932224580438,0.05723436411021778,1.566369327792849e-16,0.21050379001604672,1.372764170701493e-16
0.08988506718946708,0.28768829336829616,6.535501956683433e-17,0.0611366034844987,0.1364376014973236,6.117203247221345e-17,0.2213668734464033,0.2034837690368859,1.791977125341465e-06
0.2766537813941409,0.29999999999999993,0.05513263594113545,0.13586603714865655,0.0,8.904061463842865e-18,7.226804112900397e-18,0.2323475455160674,2.368576672801178e-16
0.2638013182578207,0.29999999999999993,3.620431936051008e-18,0.08612204915477467,5.689555341838393e-19,0.05367556080296251,1.6205548464454733e-16,0.2964010717844423,5.4287887430206346e-17
0.2955669660106842,1.6155693378522983e-17,0.08836515948445606,0.12431204066914932,4.2122556631621123e-17,8.79641779601743e-18,2.4278884239780805e-17,0.23377642057585113,0.2579794132598592
0.11140368877278632,0.3,3.743283860736329e-17,0.07444057022786935,1.9048023955982516e-17,0.0,6.829601947518399e-17,0.21415574099934465,0.3
0.012635795654142645,0.2999999999999999,1.910703360336599e-16,0.16486752311830444,0.0,3.0653550785157535e-16,0.0,0.22249668122755303,0.2999999999999998
0.29999999999999993,4.576407192438141e-18,3.287582668608837e-16,3.6984029878096696e-17,0.05836087849546266,0.09944939346030074,7.423543616193619e-17,0.3,0.2421897280442364
0.167784782695385,0.022219418554041942,6.4593146514666855e-18,0.05484447108398159,1.3693360726024824e-16,0.20410281809240535,1.1133053738692351e-17,0.3,0.2510485095741862
7.810808522127176e-17,0.3,0.0,0.07929941695616767,0.0,0.07375528005074228,1.888066145586706e-17,0.282478431897742,0.2644668710953481
3.3989307910137715e-17,0.29999999999999993,8.339615126965491e-18,0.035207557899335294,3.7343221686823985e-17,0.06479244210066477,0.0,0.29999999999999993,0.3
1.9024009970253337e-20,0.26840265754104903,0.009720923516055977,0.09886092546850486,2.1903637144146282e-17,0.031267689956792716,1.3788588585179638e-17,0.3,0.29174780351759744
0.10506727766839676,0.29999999999999943,0.05833189788607101,0.004359803457808791,0.04316891250374652,1.260157582751401e-16,1.4293841167693707e-16,0.3,0.18907210848397718
0.006750539448778605,0.07173929117309862,0.3,0.02151016937812287,2.93275734601829e-17,1.6421820478497284e-18,6.74020576979296e-18,0.3,0.3
0.05578502058067206,0.11412031139208705,0.17273677032919219,0.05735789769804885,1.5390258242771894e-17,1.645750039299329e-16,0.0,0.3,0.29999999999999993
0.17176829906999136,0.1516118888190461,0.004577273271991766,0.03576993330584302,0.03627260553312749,1.1839601724678478e-16,1.818483436551198e-16,0.29999999999999993,0.3
0.0734185411344321,0.0036343725253048425,0.2999999999999997,0.022947086340263587,0.0,0.0,1.0498529108883685e-16,0.2999999999999998,0.3
0.06256262126694503,0.013605879858870913,0.29999999999999993,0.02383149887418417,5.6153956115943006e-18,2.698691879182865e-17,8.679346997452265e-17,0.29999999999999993,0.3
0.07550131828719227,8.990531828383312e-17,0.2999999999999998,0.013640720856628045,5.265542063029281e-17,0.025589692422001858,7.070964567533735e-17,0.28526826843417785,0.29999999999999993
0.014941568674093566,6.824404313227442e-17,0.28061642697429584,0.025914976759726066,1.7997143240448212e-17,0.08293391308248904,6.468398091971336e-18,0.2955931145093958,0.29999999999999993
0.024396165796303628,1.8465068302553416e-16,0.23391436362740448,0.028045375899488374,0.0,0.11364409467680307,4.510487491375225e-16,0.3,0.2999999999999999
0.014670658644927595,9.307767095406608e-19,0.23107178132159692,0.018503750100799604,1.0526117070622664e-18,0.14080438982334728,2.938917789179748e-17,0.2949494201093287,0.29999999999999993
0.004659540588254505,1.1002477690665223e-16,0.22744980157073877,0.02458583093987974,6.592858219543578e-17,0.14330482690112692,9.626260851131079e-17,0.3,0.2999999999999999
5.43595963151651e-17,1.3461448283646544e-17,0.27929315722646497,0.03137303549988879,1.5098499513061148e-17,0.09713055744052496,5.769092210129303e-17,0.2922032498331213,0.3
5.151532689426809e-17,6.273093590771352e-18,0.26747374710926497,0.04398863155728477,3.1835192270098574e-17,0.0894665933774289,5.322452070831579e-17,0.2990710279560213,0.3
3.388145925525833e-18,1.1048501524102864e-16,0.2763785462811879,0.030021778792751256,0.0,0.09728810687332962,7.259486223745953e-19,0.29631156805273134,0.3
2.0395547706490937e-19,3.012739600191269e-18,0.25531733131267625,0.05383428016243738,2.113702754463882e-17,0.11192551050654355,4.873828312833844e-17,0.2874022579078819,0.2915206201104609
0.01963479107130743,0.042813662451253016,0.23201401609139388,0.04353586770192854,1.7057721044624172e-16,0.18300583606538315,2.567134363673745e-18,0.3,0.17899582661873403
0.023079758976472693,5.685726264897941e-17,0.263531947164545,2.716538959158235e-16,8.329892805397826e-17,0.2340975573787756,2.879956168569307e-17,0.2999999999999998,0.17929073648020677
0.07727600772583826,8.816085896540616e-18,0.24234089986829213,0.07383156891923368,7.116304464993368e-18,0.06827554918445825,0.032206944362951996,0.2831983300337329,0.22287069990549283
8.951593243600001e-17,0.04285687733396842,0.23448179256096685,0.0742565452109782,1.6300130298996707e-18,0.1192498404376433,3.901778386443482e-17,0.2291549444564434,0.3
0.0468700597500714,1.791669593376444e-17,0.24389216927938134,0.038462891081632124,9.429954389196642e-17,0.257539469012223,1.1255244163807557e-17,0.3,0.11323541087669212
0.07332235620978358,0.0,0.23169418237456774,0.038743028439676704,3.624158344347339e-17,0.22032278810228303,0.019047308664299108,0.2999999999999999,0.11687033620938989
2.9037593591356204e-18,1.219406686872526e-16,0.17647315188362145,0.0652842481200116,1.1543980763464243e-16,0.2747206713548329,0.0,0.29999999999999993,0.18352192864153397
0.01764829689323565,6.96709050456592e-17,0.16026000308992483,0.07713174897051667,0.0,0.2991216857478407,0.0,0.3,0.14583826529848254
0.19232108683844404,1.4361043872347897e-16,0.1782130226670853,0.11016802298497765,2.181134924717455e-16,0.0392899497886981,0.031271493023652445,0.3,0.14873642469714227
0.18389544633067256,7.720430132282289e-17,0.22612405330236018,3.5448300856740685e-17,0.0,0.1907352467156207,0.06593594693467458,0.29999999999999993,0.03330930671667242
0.16828939474117513,0.0,0.2909795282755342,1.0526076503370234e-16,4.471128883324726e-17,0.18015798747704703,0.0,0.2999999999999997,0.060573089506243835
0.13883633836528994,4.464411079943774e-16,0.22869979841010402,2.7991320051213324e-16,7.905469747186216e-17,0.21374199457954657,0.0779284395400653,0.3,0.04079342910499325
0.11022093479956765,2.5225108385259985e-16,0.2584397352539191,0.0,0.09259472389631726,0.07924373775452194,9.3534546047325e-17,0.29999999999999977,0.15950086829567411
0.1089182936874307,1.0942022588047876e-16,0.2813394959075504,1.6370514270935945e-17,0.04376730107891423,0.10912649509533964,0.0006421160677140067,0.3,0.15620629816305115
0.15205657375244788,4.666859531093808e-16,0.22497577677989802,8.90192589364326e-16,0.11916722812639663,0.08572868578735782,7.641247992095435e-17,0.3,0.11807173555389787
0.2007506778058609,0.0,0.2087663746991383,2.8114717585264737e-17,0.18003448264042118,0.0,8.475593401889698e-16,0.3,0.11044846485457858
0.16369675490005464,1.77711598156717e-17,0.17192179683067882,8.397225617712003e-19,0.2683749447646246,2.0233185593453835e-17,1.1556297008685455e-16,0.2999999999999999,0.09600650350464211
0.17771755017878596,1.4385051328984801e-18,0.17153355257075598,2.3027196466128436e-16,0.23920532164091085,4.678956248132104e-16,1.2749292983882852e-18,0.2999999999999999,0.11154357560954822
0.0738882737140356,6.71110058092876e-18,0.1735556995901928,1.5497906094845437e-16,0.2505117396264993,0.06652014392030026,3.7222465176909753e-17,0.3,0.13552414314897224
3.145699260756832e-16,7.277755931093762e-17,0.15346845662587286,0.0,0.29999999999999977,0.0360863640718463,2.919183692724891e-16,0.29999999999999993,0.21044517930228127
0.15846624450620872,7.009592186042311e-17,0.07100603231700517,5.672191186817657e-18,0.2999999999999999,0.04067754525711099,6.231682208865872e-17,0.3,0.1298501779196756
0.16942554529219253,3.41070352878482e-17,0.06689664948609167,0.0,0.29999999999999993,0.004330605094179768,1.5199731836647478e-16,0.3,0.15934720012753667
0.1507785130665932,5.643820729231503e-19,0.04132551120482165,1.7858032668966704e-16,0.29999999999999993,0.0878121924305658,1.3634289593518626e-16,0.29999999999999993,0.12008378329801914
0.17829532554082247,2.0291213730886804e-16,0.033155516569233226,7.359260545826573e-16,0.3,0.05554601629294932,2.5122045193996767e-18,0.29999999999999977,0.13300314159699414
0.10265684490856263,3.622033312038596e-16,0.023249744786364296,8.237864902902288e-16,0.2999999999999993,0.1710974342858596,2.5183644294664147e-16,0.2999999999999995,0.1029959760192132
0.0864829191696235,6.360013427466276e-17,5.708068085467613e-17,1.0953144285670882e-15,0.2687679509371031,0.1826727052112745,3.004237826701886e-16,0.3,0.1620764246819984
0.12986570190532953,1.2662131520852736e-18,3.1827869357675196e-17,1.0871772418026146e-15,0.2999999999999995,0.08655665869415775,3.106074756518769e-16,0.3,0.18357763940051267
3.640680618788174e-17,0.15386625843881993,0.08108721530150916,1.4515382561740315e-15,0.20823461875899182,3.9158131554603616e-16,7.892707416621259e-16,0.3,0.2568119075006771
3.2438353980056123e-16,0.2074684391643048,4.856980467344507e-18,1.8467156280973193e-16,0.12115198960656856,0.08002060013264413,0.0,0.3,0.2913589710964823
5.9119376061289586e-15,0.3,0.0,0.0,0.10000000000000436,0.0,0.0,0.3,0.3
0.09999999999999014,0.2999999999999758,2.170486013142181e-14,1.2091716516948736e-13,2.0816681711721685e-16,1.3031242751537775e-14,1.634803403760543e-14,0.29999999999992266,0.29999999999993915
0.021665473808816376,0.3,7.323589745878298e-15,0.0,0.07833452619118739,1.1466230765942891e-16,9.720097304453217e-17,0.29999999999999244,0.3
0.12582700493418908,0.29999999999998866,9.259492198729764e-16,1.2399491210311093e-14,0.0,3.369443590659909e-15,1.0493052456903657e-15,0.27417299506581166,0.29999999999999577
0.0999999999999933,0.29999999999991905,6.490641357714821e-14,2.1141421946424543e-13,6.716849298982197e-15,4.163336342344337e-15,5.6440963014381396e-14,0.29999999999987637,0.29999999999986754
0.10000000000001723,0.3,0.0,0.0,0.0,0.0,0.0,0.3,0.3
0.3,0.10000000000000697,0.0,0.0,6.325238705425081e-15,1.7282769131753295e-15,4.605766959389508e-15,0.2999999999999938,0.3
0.21713510787484877,0.3,0.0,0.0,1.2014290397806324e-14,6.1004087176182e-17,0.0,0.182864892125223,0.3
0.16616700609753182,0.2999999999999495,3.018413186255835e-14,7.262803695539803e-14,0.0,0.0,1.3356343552456227e-14,0.23383299390244874,0.29999999999998034
0.10000000000002311,0.3,0.0,0.0,0.0,3.0513785942432037e-15,0.0,0.29999999999998445,0.3
0.10000000000002443,0.3,0.0,0.0,0.0,0.0,0.0,0.3,0.3
0.10000000000000965,0.3,0.0,0.0,0.0,0.0,0.0,0.3,0.3
0.09999999999999505,0.2999999999999956,1.0304257447302234e-15,5.825201432330118e-15,4.0245584642661925e-16,2.581268532253489e-15,0.0,0.3,0.29999999999999744
0.2555992814145736,0.29045026617632475,5.315657947600053e-16,3.079927618086066e-16,2.3226859288529803e-15,1.5178067595689895e-16,1.3983428471360595e-15,0.15395045240910246,0.2999999999999998
0.2368955743207113,0.24959610108417515,5.284707686823307e-16,1.607192574882665e-17,1.2563320121024447e-15,3.3164383401371014e-16,9.359177180583844e-16,0.21350832459511432,0.3
0.25014232747343174,0.29441419466353247,9.336898674666103e-16,1.695419599764965e-16,1.3892713650080972e-15,2.4595587123266785e-15,9.768168564077381e-17,0.155443477863034,0.2999999999999988
0.21803510347497018,0.2999999999999821,3.2030433495371606e-15,1.4030581323592863e-16,1.0162393292133933e-14,9.606560380393046e-15,8.044457090570953e-15,0.18196489652502396,0.2999999999999942
0.2013342116354364,0.3,5.943314750547515e-18,0.0,4.213529659887491e-18,3.563700335483004e-15,1.9234154821126958e-16,0.19866578836456375,0.2999999999999983
0.06122435508794013,0.2999999999999964,0.038775644912060606,7.06915711975068e-17,3.3831086496778238e-15,3.60687409929778e-15,1.6261234439137218e-15,0.3,0.2999999999999953
0.06409701242706167,0.2999999999999988,0.03590298757293738,3.113003361429422e-16,6.311478496931504e-16,3.2033502770131334e-15,1.4067294390855871e-15,0.2999999999999996,0.2999999999999977
0.10000000000000116,0.29999999999998184,7.13318293321663e-15,3.0406233086921475e-14,1.3877787807814457e-16,4.676814491233472e-15,3.774758283725532e-15,0.2999999999999836,0.29999999999998717
0.07738639404399321,0.2999999999999994,1.6894442347372748e-18,4.968351463958225e-16,0.05247798090000852,1.1669305026288722e-15,2.2638314824376746e-16,0.27013562505599764,0.29999999999999954
0.09662784440293587,0.29999999999998944,0.003372155597064414,0.0,1.1266652893840781e-14,2.3870486208325825e-14,5.204722693412031e-15,0.2999999999999941,0.29999999999998544
0.09296655408544002,0.2999999999999961,4.3843091988827654e-17,0.0070334459145540715,6.093935864674327e-15,9.270808574910444e-15,2.621584998814462e-15,0.2999999999999983,0.29999999999999344
